Ticker,Date,Open,High,Low,Close,Volume
,,TECHM.NS,TECHM.NS,TECHM.NS,TECHM.NS,TECHM.NS
TECHM.NS,2020-04-09,492.77826826050983,503.7577244399277,464.7244773475041,471.3813171386719,5917001
TECHM.NS,2020-04-13,476.35222221964784,476.35222221964784,451.0649218568081,455.4739685058594,3822640
TECHM.NS,2020-04-15,456.468312143735,474.2774713973619,456.468312143735,465.6755065917969,6316254
TECHM.NS,2020-04-16,455.60365529411126,458.1972244893339,439.4803054071072,447.5203857421875,7001494
TECHM.NS,2020-04-17,457.4191742613424,459.92631248479285,432.26157188420376,440.7771301269531,10839705
TECHM.NS,2020-04-20,447.77978638729223,459.83989516023644,442.63586297330596,453.7449645996094,4549088
TECHM.NS,2020-04-21,441.7713834543863,449.55209275201736,437.3623095757642,443.45721435546875,2950307
TECHM.NS,2020-04-22,442.6358813009262,451.1946821435419,438.35648087961835,448.0823669433594,2268496
TECHM.NS,2020-04-23,448.68749377207166,456.3385021836291,440.30160905775307,452.7507629394531,6094748
TECHM.NS,2020-04-24,451.2811275955398,460.445052758197,434.0771205366321,435.2442321777344,4817852
TECHM.NS,2020-04-27,442.3765563964844,448.6875655513626,437.8810249552315,442.3765563964844,4032316
TECHM.NS,2020-04-28,447.82301142567746,456.9005049005223,445.7049190616188,449.89788818359375,4972775
TECHM.NS,2020-04-29,454.6959864986918,464.16252606916515,451.36754052691913,457.07342529296875,6361689
TECHM.NS,2020-04-30,467.70704186480975,477.9948888459931,460.2288952275463,472.24578857421875,8931956
TECHM.NS,2020-05-04,445.22948677628335,449.3359723339287,430.53259109628954,434.3797302246094,14814506
TECHM.NS,2020-05-05,437.44870770161225,444.364892803614,430.70543778042145,432.2183532714844,5717678
TECHM.NS,2020-05-06,435.5035665255197,440.1287709702132,423.61637240199434,438.18359375,3781531
TECHM.NS,2020-05-07,439.17776757537166,454.6094849555034,437.75130963054687,446.3965148925781,6799899
TECHM.NS,2020-05-08,455.51725747067957,465.6321358601427,448.86041882858973,463.55731201171875,6016020
TECHM.NS,2020-05-11,468.13931029469205,470.12770309078917,455.7766391541142,458.3702087402344,4272574
TECHM.NS,2020-05-12,453.87467224722,466.41025843309563,453.87467224722,461.0069885253906,5691969
TECHM.NS,2020-05-13,468.57159673122703,475.2716518505389,459.4076714810153,470.94903564453125,3296409
TECHM.NS,2020-05-14,460.27217325200326,462.519912467753,444.32170964261064,445.8346252441406,6148398
TECHM.NS,2020-05-15,449.5520792898762,449.5520792898762,438.6590813227597,441.38232421875,3628530
TECHM.NS,2020-05-18,442.2036173366246,445.22944854029646,433.55838532613336,435.7629089355469,3283979
TECHM.NS,2020-05-19,440.906801955316,449.2926869771389,435.11448635675964,443.154541015625,3041594
TECHM.NS,2020-05-20,445.2294049554386,453.7017209430775,441.51196610810047,448.86041259765625,2772920
TECHM.NS,2020-05-21,449.50881415443496,450.8488144591062,440.9500140198304,449.5952453613281,2540109
TECHM.NS,2020-05-22,447.0449064475794,459.0617995189096,445.31586012170783,457.89471435546875,4254552
TECHM.NS,2020-05-26,460.79085646588567,467.4909111330726,448.5578323218537,449.94110107421875,2719781
TECHM.NS,2020-05-27,450.97855920819364,454.7392141119108,442.679104629255,452.7940368652344,2265885
TECHM.NS,2020-05-28,456.4681664852819,459.7965590927175,447.088112579746,457.9378662109375,3387672
TECHM.NS,2020-05-29,458.11082654389156,463.08183452891683,453.39916494395464,458.5863037109375,4081245
TECHM.NS,2020-06-01,465.5457285888768,479.63744575334744,464.29215943495825,469.91156005859375,4913055
TECHM.NS,2020-06-02,469.9546637848564,474.0611478783701,465.11335627586334,473.3263244628906,3878973
TECHM.NS,2020-06-03,478.94584722643896,488.8878639107423,475.4877544666812,478.2974548339844,4942023
TECHM.NS,2020-06-04,481.5394406029657,505.74609111801607,480.3723553453715,503.23895263671875,10915145
TECHM.NS,2020-06-05,508.33964747498544,513.1377407371763,497.1008457450963,501.29376220703125,6207096
TECHM.NS,2020-06-08,506.4375961237792,518.238356955703,501.5098041467242,510.068603515625,4791151
TECHM.NS,2020-06-09,513.526778679677,523.339095852639,505.7460699118031,506.78350830078125,5665593
TECHM.NS,2020-06-10,511.36553037741953,516.0339772895887,503.5848207013472,510.5010070800781,3438670
TECHM.NS,2020-06-11,510.93323515693464,510.93323515693464,488.23950009285755,494.3775939941406,3378322
TECHM.NS,2020-06-12,475.48775583297254,485.77560292933646,475.48775583297254,479.551025390625,3603893
TECHM.NS,2020-06-15,481.5394181129615,484.56524928602323,469.7819238041593,474.4503173828125,3944724
TECHM.NS,2020-06-16,481.49619573287686,481.49619573287686,459.19150823849657,461.0502014160156,4262594
TECHM.NS,2020-06-17,459.0618218165444,471.16514668553054,456.81408259025625,462.9953918457031,6139224
TECHM.NS,2020-06-18,462.56312777034555,466.8425281651209,459.0618193623689,463.2980041503906,2658663
TECHM.NS,2020-06-19,465.5457351109212,469.3928738373371,459.8399031965862,465.8482971191406,5570067
TECHM.NS,2020-06-22,468.48514694465814,478.297464236848,465.37283173990636,474.19097900390625,4352621
TECHM.NS,2020-06-23,473.7587105896981,484.2194201367065,470.7760950153882,483.0955505371094,4438315
TECHM.NS,2020-06-24,483.0954779374323,489.32005455571203,479.2916081130338,484.9542236328125,3500477
TECHM.NS,2020-06-25,482.40389334119305,488.9742478429032,477.25997030517243,479.07550048828125,2386979
TECHM.NS,2020-06-26,480.2425897810483,497.0575749,477.73545164416686,484.8677673339844,5288935
TECHM.NS,2020-06-29,483.182034725743,483.182034725743,466.1509172333176,468.1825256347656,3304988
TECHM.NS,2020-06-30,472.8942144762265,474.5368297463796,468.1825522430823,469.7819519042969,2356985
TECHM.NS,2020-07-01,470.30053087949426,473.1966619392365,463.4275622003302,471.9431457519531,3662491
TECHM.NS,2020-07-02,475.40128144963285,486.29425157846924,469.0037893001237,484.8677673339844,5966748
TECHM.NS,2020-07-03,489.23370484499145,494.723406112985,485.0407356235669,490.3575744628906,4007490
TECHM.NS,2020-07-06,497.0575357038274,508.339550897528,495.41492081039394,502.76336669921875,4909636
TECHM.NS,2020-07-07,504.7517980943066,512.2299441234744,498.916267085305,507.3453674316406,5126702
TECHM.NS,2020-07-08,510.0254676421844,513.4403448036353,498.05178977393854,504.40606689453125,3391014
TECHM.NS,2020-07-09,504.40601050589555,508.0802336609195,494.5504261129576,499.08917236328125,2498146
TECHM.NS,2020-07-10,494.507265865279,494.507265865279,485.3000727631872,491.9136962890625,3959401
TECHM.NS,2020-07-13,494.4640018650196,520.2699955161801,493.210432805942,518.757080078125,11008252
TECHM.NS,2020-07-14,514.3480701494051,521.9990790915015,512.2731934364773,517.2442016601562,5525588
TECHM.NS,2020-07-15,522.171939798087,544.6495398556206,520.4428936398152,531.9410400390625,11907668
TECHM.NS,2020-07-16,542.0560079506587,552.3870700111132,508.4260367495903,518.1951904296875,13009798
TECHM.NS,2020-07-17,522.4745296815565,522.4745296815565,510.241559118039,518.4545288085938,3307397
TECHM.NS,2020-07-20,522.0422023371359,541.1481926590072,517.4170253059989,538.4681396484375,5461610
TECHM.NS,2020-07-21,544.6495513222858,546.2056823442318,531.9842668397783,536.6094970703125,4218944
TECHM.NS,2020-07-22,534.2753323055288,541.5805638263984,528.699147167525,534.2321166992188,2879564
TECHM.NS,2020-07-23,534.2321248056317,553.1016993346075,529.0462408009372,551.2278442382812,5038587
TECHM.NS,2020-07-24,551.2713962087122,571.230492543817,544.9524750663988,568.7900390625,12276883
TECHM.NS,2020-07-27,572.6249397615923,585.4806747105778,560.2485605611887,579.205322265625,11521949
TECHM.NS,2020-07-28,583.9555598761727,612.4996562731051,581.3408334886675,596.462646484375,23296517
TECHM.NS,2020-07-29,598.7286163605526,605.9626801480003,584.8269807685124,589.5335083007812,5436716
TECHM.NS,2020-07-30,592.6712295062986,599.0772869582969,583.5632565899795,588.095458984375,5126995
TECHM.NS,2020-07-31,591.3202624150655,597.4212894066345,587.0059541173949,594.1093139648438,3114793
TECHM.NS,2020-08-03,597.8571272337163,598.7287025913872,583.5632700892179,587.0931396484375,3092967
TECHM.NS,2020-08-04,588.3133671896933,589.7514878104079,566.6983089308122,568.8336791992188,5559046
TECHM.NS,2020-08-05,570.8818029778909,576.5470422440836,560.0306802056057,565.2601318359375,5139353
TECHM.NS,2020-08-06,571.7534680558792,581.210039960729,565.7831977855167,575.5447998046875,8644001
TECHM.NS,2020-08-07,573.2786465361064,582.2122932514162,570.3588905956499,577.3750610351562,3823897
TECHM.NS,2020-08-10,582.2122732720878,599.0772332625789,577.5929350366706,594.2835693359375,5362182
TECHM.NS,2020-08-11,601.4741303593001,604.8297273893647,585.7857739914058,588.1390380859375,4331864
TECHM.NS,2020-08-12,588.3132975503828,604.8732274073565,586.2651169783445,603.1736450195312,4355435
TECHM.NS,2020-08-13,606.5293364284181,615.1579008891384,596.4190299655589,607.5316162109375,7108877
TECHM.NS,2020-08-14,603.1301317899745,619.6900631541502,603.1301317899745,606.529296875,6476545
TECHM.NS,2020-08-17,614.2863022742458,631.3692112256407,608.9261457353952,628.4494018554688,7657241
TECHM.NS,2020-08-18,631.8921429464698,634.5068690552138,618.9928381160138,621.476806640625,4752247
TECHM.NS,2020-08-19,623.1763376773532,635.3783918416651,617.9468858926482,633.373779296875,6506907
TECHM.NS,2020-08-20,627.5343226114576,637.9932279883152,624.2223465481347,633.1124267578125,6610632
TECHM.NS,2020-08-21,637.1215530256892,642.0459748168255,636.2499777137526,638.5160522460938,4207706
TECHM.NS,2020-08-24,640.56425755422,640.56425755422,626.880515128271,629.713134765625,2385907
TECHM.NS,2020-08-25,633.6352914606475,645.2708013250052,622.6098417954635,643.7455444335938,4585917
TECHM.NS,2020-08-26,645.7938014269661,645.8373695574936,633.6353139923048,638.7340087890625,3157074
TECHM.NS,2020-08-27,640.6079354003089,650.5002951648685,638.3854287127582,641.130859375,3207076
TECHM.NS,2020-08-28,645.8372565063471,660.9590657274995,644.9656812613993,655.7296142578125,4223327
TECHM.NS,2020-08-31,662.1358111685496,675.2094415594119,638.0802993313201,645.8373413085938,7224350
TECHM.NS,2020-09-01,644.0941850856689,655.9475885933947,629.8875174883501,634.3760986328125,3563888
TECHM.NS,2020-09-02,636.3807209406509,649.9772742216046,634.6375703560807,640.7821655273438,3467486
TECHM.NS,2020-09-03,644.9221503742185,664.1403749955703,638.95182768358,662.0050048828125,4606227
TECHM.NS,2020-09-04,651.0667698657317,661.0027498813329,648.0598243454783,652.1126708984375,2954845
TECHM.NS,2020-09-07,653.4200585197995,655.3375349525805,639.7798828469078,651.1539306640625,3367905
TECHM.NS,2020-09-08,652.3741704573779,670.2414657070456,649.3236566342639,655.642578125,5237241
TECHM.NS,2020-09-09,655.3810228515631,662.3536248832112,649.0621022603822,656.6011962890625,3038259
TECHM.NS,2020-09-10,659.477454388231,661.0027111224432,644.3555914195726,653.6814575195312,3737568
TECHM.NS,2020-09-11,653.1585532378541,671.6359071009816,651.5025388837367,666.8858642578125,4917946
TECHM.NS,2020-09-14,671.2436914756597,694.2968139857421,671.1129339111405,689.1981201171875,9021887
TECHM.NS,2020-09-15,689.1981625691376,699.9620961532056,675.4708517117693,689.5468139648438,6339704
TECHM.NS,2020-09-16,690.28759765625,692.2486419677734,683.3149956597222,690.28759765625,4279003
TECHM.NS,2020-09-17,686.80137394443,707.2398264860578,680.9618084758596,685.88623046875,7591219
TECHM.NS,2020-09-18,691.1592966328984,704.9301774018727,686.8014196049481,701.3131713867188,6281494
TECHM.NS,2020-09-21,703.3612559449676,723.4074875270423,683.5764863093993,686.1476440429688,10789179
TECHM.NS,2020-09-22,691.1592796044522,706.8476365185508,672.8561965380039,697.6525268554688,9053623
TECHM.NS,2020-09-23,708.1113403437927,708.1113403437927,682.5305741937073,691.2027587890625,6091530
TECHM.NS,2020-09-24,686.7577853056772,686.7577853056772,651.5461210337476,655.2938842773438,5929066
TECHM.NS,2020-09-25,658.0830107444124,677.5191319862081,652.5049599701113,673.1612548828125,6986586
TECHM.NS,2020-09-28,679.2621648119638,683.6636624790667,672.856107861663,679.3057861328125,3604366
TECHM.NS,2020-09-29,684.1865709947343,688.5444472431085,665.883490751563,669.5005493164062,7041805
TECHM.NS,2020-09-30,673.7277854387039,692.7281185542894,667.3217275156221,690.06982421875,5433474
TECHM.NS,2020-10-01,695.6914571094749,719.3546960153659,695.3863738180113,716.8707275390625,10104719
TECHM.NS,2020-10-05,716.9142987510336,741.6670601509212,716.30418536222,733.2127685546875,8551125
TECHM.NS,2020-10-06,745.1533199454002,745.1533199454002,725.5864436485049,738.5729370117188,4902535
TECHM.NS,2020-10-07,738.2243211348595,739.2266540656267,729.7264614759871,737.6577758789062,3943817
TECHM.NS,2020-10-08,751.2979118001895,773.5666501706974,747.5065805077339,749.8162231445312,11398839
TECHM.NS,2020-10-09,749.990536496257,751.6901189498603,736.699013333482,744.4560546875,5306496
TECHM.NS,2020-10-12,750.4264040970266,753.7383799101394,739.4445755596685,746.8529663085938,3343240
TECHM.NS,2020-10-13,746.8529304840154,766.8991633136599,741.7106146968465,756.7017211914062,7327471
TECHM.NS,2020-10-14,757.3989959272506,761.5825470605733,737.0041110067855,739.8367309570312,5346616
TECHM.NS,2020-10-15,743.4536826271142,748.1165889006551,703.0997594966651,708.0677490234375,8893099
TECHM.NS,2020-10-16,708.7650287225187,721.9257941790145,696.2143234049693,717.0885620117188,7978964
TECHM.NS,2020-10-19,721.6644429919141,729.1599702756939,712.6000374051065,718.3088989257812,4558879
TECHM.NS,2020-10-20,715.2146153378636,743.3665379375522,714.3430401043557,740.7081909179688,7382532
TECHM.NS,2020-10-21,741.7977129454252,747.1143541676219,726.8502285411258,737.2655639648438,4818496
TECHM.NS,2020-10-22,736.3503206624843,744.238119146445,722.3615486917153,729.9006958007812,3962610
TECHM.NS,2020-10-23,732.1232851873342,747.332285501109,726.5016136081555,739.3137817382812,7356677
TECHM.NS,2020-10-26,723.4074588574249,744.9353782121669,709.4622548312577,714.0380249023438,9770648
TECHM.NS,2020-10-27,720.269912434082,726.6759701728017,711.2055072395876,722.23095703125,5479538
TECHM.NS,2020-10-28,723.4076171845802,729.0292894273512,698.1319293552394,701.0081176757812,6829067
TECHM.NS,2020-10-29,701.6297263257209,718.8596425540132,694.3913726558643,714.2857055664062,6477299
TECHM.NS,2020-10-30,716.4616691381669,727.0749399482755,712.9091135001522,722.3233642578125,6189261
TECHM.NS,2020-11-02,729.5173376706861,732.5369775034543,718.8596705269664,723.5223999023438,4433983
TECHM.NS,2020-11-03,729.1620304820804,732.7145860508115,714.3301001410883,717.7050170898438,4599741
TECHM.NS,2020-11-04,724.7212596635002,742.4840356356449,721.7015660651595,734.3575439453125,5017595
TECHM.NS,2020-11-05,742.4841225468598,754.6516363535809,740.4858100160817,746.6583862304688,4269675
TECHM.NS,2020-11-06,741.5959880796618,758.4706273293787,731.9152523006928,755.939453125,4123331
TECHM.NS,2020-11-09,762.9113200266086,778.8978203298436,759.5807991301012,775.1232299804688,4297119
TECHM.NS,2020-11-10,774.4571846138491,774.4571846138491,727.4746112494928,729.4285278320312,6889383
TECHM.NS,2020-11-11,728.2739141208023,746.6140044948504,721.5684761189125,743.8163452148438,5387431
TECHM.NS,2020-11-12,743.3723489787931,753.1418780573673,741.1963975697518,748.9232177734375,3150886
TECHM.NS,2020-11-13,744.2604234167203,751.0991040199649,740.1305557087152,745.0153198242188,2839192
TECHM.NS,2020-11-14,749.5892349723044,750.4329777726396,744.2160054446703,746.169921875,214282
TECHM.NS,2020-11-17,753.6302493707742,760.6909644356214,737.9546303807525,750.6994018554688,3635434
TECHM.NS,2020-11-18,749.5891946235333,750.388541277181,737.288493148393,742.5728759765625,2772377
TECHM.NS,2020-11-19,739.819729863999,754.0299527665487,728.2739237556773,730.8495483398438,5593368
TECHM.NS,2020-11-20,736.267141092252,750.4329672539618,733.958001657309,743.8607177734375,6063818
TECHM.NS,2020-11-23,744.2604546895304,772.1480399492827,743.150280980268,768.9063110351562,6251814
TECHM.NS,2020-11-24,772.6809346525707,790.4437147595264,767.6185314805477,779.4752197265625,7068121
TECHM.NS,2020-11-25,777.1215618572638,781.5622564964482,759.5808180324856,765.7977905273438,4445185
TECHM.NS,2020-11-26,769.5723669156903,770.8601791790736,751.9872273072232,761.179443359375,5169423
TECHM.NS,2020-11-27,767.3519638654602,786.8466224001087,759.625145054443,778.7645263671875,16482729
TECHM.NS,2020-12-01,799.3250075360559,811.8921946153956,774.1462914817486,805.8084106445312,5821698
TECHM.NS,2020-12-02,796.70503936587,810.4267970729186,787.956892335341,807.0518798828125,5516684
TECHM.NS,2020-12-03,810.8708750499706,817.6207095009318,801.9450892932059,812.7803955078125,5705020
TECHM.NS,2020-12-04,812.6470999539146,825.3474754832397,805.5863848013001,819.8410034179688,4302626
TECHM.NS,2020-12-07,813.0911660869199,844.4868546399664,811.7589577317802,838.6695556640625,3973325
TECHM.NS,2020-12-08,839.2912150814645,841.2451313972671,819.4857295247846,828.0118408203125,4399638
TECHM.NS,2020-12-09,833.0743890837227,834.5842362381017,822.3279287754254,825.5252075195312,4157078
TECHM.NS,2020-12-10,821.5284584235922,828.2782921826972,814.5121396361398,823.5711669921875,2608358
TECHM.NS,2020-12-11,819.0417709562549,826.8573830696156,813.934971866405,816.5549926757812,2398423
TECHM.NS,2020-12-14,820.6403909900997,820.8624257279217,804.6982859729404,807.673583984375,3239051
TECHM.NS,2020-12-15,799.6359211937269,824.7702980784244,797.9484896305313,823.3492431640625,3490143
TECHM.NS,2020-12-16,830.4098339754978,830.4098339754978,814.4233344978946,818.46435546875,2799394
TECHM.NS,2020-12-17,818.4644669886084,828.4116344160069,810.3380278381754,826.0580444335938,2706570
TECHM.NS,2020-12-18,830.4098937610473,841.0675608467507,824.4593521299901,829.3441162109375,5563979
TECHM.NS,2020-12-21,824.3260922061618,838.9803831759737,790.4435735231862,805.40869140625,4187948
TECHM.NS,2020-12-22,808.2064328914387,842.7550592332841,802.1670989597238,838.98046875,5537682
TECHM.NS,2020-12-23,840.6678125115293,852.3912561017452,835.7386527655558,842.0888671875,5456681
TECHM.NS,2020-12-24,844.6201328449747,849.0608275497327,830.232271160019,841.2896118164062,2510775
TECHM.NS,2020-12-28,841.2895535501505,849.4604420825434,838.6251369118285,841.1563110351562,1870669
TECHM.NS,2020-12-29,841.9556744395657,859.9404871056007,838.2698763335712,857.63134765625,4392641
TECHM.NS,2020-12-30,861.4947328196511,874.8168163168622,859.5408163985207,873.2625732421875,6389605
TECHM.NS,2020-12-31,872.1080689841109,876.0602982265212,860.3402276781493,864.3368530273438,2859399
TECHM.NS,2021-01-01,866.8235382815154,871.4418712532428,862.560482541342,868.555419921875,1268291
TECHM.NS,2021-01-04,870.9089306534584,892.579540177665,865.9353747992272,889.8707275390625,3515825
TECHM.NS,2021-01-05,890.3592616876991,895.1996296127279,880.4120950048607,891.5582275390625,4040321
TECHM.NS,2021-01-06,891.6915182956113,911.2305754694196,873.3514270380249,885.6077880859375,4677359
TECHM.NS,2021-01-07,893.0236897397863,897.0203149052055,878.0141202132437,883.4761962890625,3354950
TECHM.NS,2021-01-08,895.0220254114371,941.4272854737021,892.9793166712888,933.5228271484375,9279370
TECHM.NS,2021-01-11,943.2922583606801,960.5666241790034,924.1084807320684,957.0584106445312,6488791
TECHM.NS,2021-01-12,957.0585548636803,957.1030051793848,935.210357371696,945.157470703125,4257926
TECHM.NS,2021-01-13,953.8613078601456,958.079968206827,932.5904216888315,949.9979248046875,4671772
TECHM.NS,2021-01-14,944.9797855686353,944.9797855686353,914.7830630974571,934.85498046875,4765344
TECHM.NS,2021-01-15,932.1017873491019,943.9140782347861,890.4925010404652,894.622314453125,6063896
TECHM.NS,2021-01-18,886.3626820568808,900.3952667829748,880.989452190561,886.584716796875,4659705
TECHM.NS,2021-01-19,894.0006427483985,895.6437323256689,876.7707796938698,881.4779052734375,4416027
TECHM.NS,2021-01-20,885.4744789590216,908.9213674871534,885.4744789590216,905.4132080078125,4687853
TECHM.NS,2021-01-21,911.2305192787439,917.7583185671065,883.2541436868527,892.3131713867188,3911527
TECHM.NS,2021-01-22,892.3131258367915,892.5795566539554,865.935390783688,871.1309814453125,3922421
TECHM.NS,2021-01-25,875.5717359894209,886.2738533830212,854.5672829747034,863.3154296875,2751784
TECHM.NS,2021-01-27,868.5998019402704,892.4907588709893,864.736419596313,885.563232421875,6975618
TECHM.NS,2021-01-28,879.2575691119322,879.2575691119322,857.0540951444592,871.7971801757812,4274190
TECHM.NS,2021-01-29,879.3462304067137,884.4974789664042,849.0607181071001,853.856689453125,4425911
TECHM.NS,2021-02-01,854.3008675036409,854.3008675036409,818.1092057225952,836.4048461914062,6321189
TECHM.NS,2021-02-02,848.1726704442743,864.0703788299215,832.6302393104787,850.1265869140625,4971530
TECHM.NS,2021-02-03,857.0539845673625,888.1388441112564,852.7020825481401,871.6638793945312,5640121
TECHM.NS,2021-02-04,877.4367830365113,877.4811791372367,856.4322776625478,860.7841796875,4232910
TECHM.NS,2021-02-05,863.5819229297748,871.1311043245496,843.7764343473766,852.08056640625,3077720
TECHM.NS,2021-02-08,861.3170378733438,881.921869843141,853.1017535872924,872.6408081054688,3713579
TECHM.NS,2021-02-09,869.1327171474121,887.9612729135443,859.0523621845416,866.0242309570312,3086774
TECHM.NS,2021-02-10,866.379480299024,870.5981399929454,850.481772611484,865.8466186523438,2776301
TECHM.NS,2021-02-11,865.9353594578175,878.0584761733039,864.0258392897824,875.349609375,2070435
TECHM.NS,2021-02-12,879.2575256833188,896.1321650651199,875.9270047527002,880.3233032226562,5863879
TECHM.NS,2021-02-15,884.5863725676396,884.5863725676396,868.1558023944456,869.6656494140625,2487825
TECHM.NS,2021-02-16,879.2575216646046,888.1389107723279,864.6032296368612,876.4154663085938,3912433
TECHM.NS,2021-02-17,878.3693948209792,885.1192289525001,862.7381714597215,870.7758178710938,2227724
TECHM.NS,2021-02-18,872.1523511460248,901.9050026362405,871.7082817207977,897.5531005859375,6742595
TECHM.NS,2021-02-19,900.2619712698014,905.1911310692199,863.8482782465136,882.765625,4357699
TECHM.NS,2021-02-22,887.2062741995991,897.9083360078077,836.5379659815474,844.3535766601562,5946290
TECHM.NS,2021-02-23,845.508204364096,855.0556972179972,826.8572880913586,839.9573364257812,4120032
TECHM.NS,2021-02-24,843.7319300047129,856.0770820320703,831.8752977240404,852.65771484375,1686531
TECHM.NS,2021-02-25,856.1658343951399,860.6065285569404,845.7302031149087,850.6593627929688,3682791
TECHM.NS,2021-02-26,839.2912601586323,842.710573239163,812.6470931694694,816.06640625,5254937
TECHM.NS,2021-03-01,830.809508100956,849.9488897079076,822.7274119437983,831.2979736328125,3429569
TECHM.NS,2021-03-02,838.8472104957499,862.3828918913428,836.6268631942789,858.9191284179688,3703190
TECHM.NS,2021-03-03,863.4486304589387,870.5537415029,853.9011374936157,866.8235473632812,3203532
TECHM.NS,2021-03-04,852.6133103614249,883.4317398170693,848.7054776725239,859.7628173828125,5134954
TECHM.NS,2021-03-05,857.2315650693051,871.1753548181948,849.9488161997236,852.3468017578125,2618145
TECHM.NS,2021-03-08,855.2777119145667,870.3760723533493,854.3895730652265,860.1624755859375,2880739
TECHM.NS,2021-03-09,864.1591755328184,886.8067181598348,853.9899739822852,877.614501953125,2814747
TECHM.NS,2021-03-10,889.9151577747444,903.0596023574232,881.921907854612,895.9100952148438,5268496
TECHM.NS,2021-03-12,888.1388782355781,909.9870729570953,884.7195652374493,891.0253295898438,4674919
TECHM.NS,2021-03-15,892.5796316595439,914.7386547709028,889.9152148486198,911.807861328125,5203101
TECHM.NS,2021-03-16,916.5593075829258,928.1051128141061,906.8785722829355,911.718994140625,4797715
TECHM.NS,2021-03-17,909.4542043054124,926.5064272699831,901.9938161026416,905.946044921875,3477295
TECHM.NS,2021-03-18,918.3356797537714,919.2238187090459,869.1327599484874,884.7640380859375,3738712
TECHM.NS,2021-03-19,881.0337251233703,888.8049399367064,866.0686074230514,878.7689819335938,6208000
TECHM.NS,2021-03-22,879.1686450056187,903.59246270576,868.8662021056712,900.173095703125,3873143
TECHM.NS,2021-03-23,900.1731443748073,907.2338592605176,888.6273390195583,900.4395751953125,3782337
TECHM.NS,2021-03-24,891.4695665332093,899.995679683222,876.8152722888278,881.1671752929688,2749823
TECHM.NS,2021-03-25,881.6554821703584,885.3856763296984,856.2546775292866,860.3401489257812,3654840
TECHM.NS,2021-03-26,868.5110322404972,886.1849634239204,867.7116855655981,880.1456298828125,2761824
TECHM.NS,2021-03-30,880.5897480566764,905.7240689045003,880.5897480566764,903.1484985351562,4300037
TECHM.NS,2021-03-31,908.5661213979363,908.5661213979363,878.547036537374,880.5453491210938,3780505
TECHM.NS,2021-04-01,888.1390451140318,895.0665188243801,875.7050984824353,881.1671752929688,3555291
TECHM.NS,2021-04-05,881.0337888345124,894.5335109565805,868.7774828555715,886.09619140625,5118272
TECHM.NS,2021-04-06,893.4676147028144,895.2438922668359,877.9695821151889,880.4563598632812,2395572
TECHM.NS,2021-04-07,881.0338410219322,893.1569594085901,872.2412437076857,890.2705078125,2974419
TECHM.NS,2021-04-08,895.2439811862245,932.412571222039,892.5795645755512,913.8948974609375,6737118
TECHM.NS,2021-04-09,913.8505417424672,938.585298570784,902.8376511363746,935.2103271484375,6029994
TECHM.NS,2021-04-12,933.4340824992712,940.5836447656416,903.0597180692673,923.5313110351562,7896295
TECHM.NS,2021-04-13,928.1051360063261,932.7678651585111,873.0405250662379,889.7819213867188,6448995
TECHM.NS,2021-04-15,889.7820024636475,895.0664401591807,861.7612288945181,882.0552368164062,4373215
TECHM.NS,2021-04-16,886.3625849594221,900.1287373310364,884.5863072340526,897.2866821289062,2660763
TECHM.NS,2021-04-19,887.3394612897563,896.4873343772784,873.3068789664753,888.2276000976562,2777425
TECHM.NS,2021-04-20,884.5863414073439,894.7999387227901,864.4699737073212,873.3958129882812,4028636
TECHM.NS,2021-04-22,864.6919659925886,875.2608400311924,853.1906112071414,859.540771484375,5085190
TECHM.NS,2021-04-23,858.3862603904131,862.3384893992959,839.6465509878865,843.9096069335938,3916517
TECHM.NS,2021-04-26,844.6200942169158,861.4947333232475,832.1861496122505,854.5672607421875,5053998
TECHM.NS,2021-04-27,855.0111931874437,877.1258157375304,838.5362300677093,860.8284912109375,10497935
TECHM.NS,2021-04-28,865.9354614748527,870.3761561490827,859.7184889309306,868.0670166015625,2968625
TECHM.NS,2021-04-29,874.8168283087158,874.8168283087158,861.9832101889419,867.6229248046875,2747579
TECHM.NS,2021-04-30,864.8695948716162,867.6228578108046,848.5278726774786,852.9685668945312,3129105
TECHM.NS,2021-05-03,852.6133262617443,857.0540206693576,848.172631854131,850.5706176757812,3506839
TECHM.NS,2021-05-04,856.1658450477319,861.4058859069311,848.7054570800063,852.9685668945312,4064221
TECHM.NS,2021-05-05,863.803817417985,863.803817417985,847.0624219027741,852.9685668945312,3041045
TECHM.NS,2021-05-06,857.0540106984246,874.5503573024081,850.7037960863377,868.555419921875,4620827
TECHM.NS,2021-05-07,870.3761668279732,874.1507573473802,863.3598474735252,871.2199096679688,2002597
TECHM.NS,2021-05-10,874.8168350674179,881.6111194797007,864.2479602500217,879.7015991210938,2036101
TECHM.NS,2021-05-11,873.9286797271888,876.5487003301052,861.9388045480048,867.756103515625,2029457
TECHM.NS,2021-05-12,867.7116958799508,867.7116958799508,844.0872230795013,854.700439453125,3070622
TECHM.NS,2021-05-14,855.2778645643873,858.3419549830278,836.0940836778001,845.6859741210938,2090820
TECHM.NS,2021-05-17,847.2844652574962,850.7926245662961,837.5149378803134,846.7071533203125,2281200
TECHM.NS,2021-05-18,852.9241614958275,869.4879734806569,849.9933139997914,862.1608276367188,2000985
TECHM.NS,2021-05-19,860.6066389317197,875.971431860581,854.9225279925378,868.2890625,2152740
TECHM.NS,2021-05-20,874.6392223396081,874.6392223396081,857.231720697799,864.2479858398438,1769194
TECHM.NS,2021-05-21,867.667308179921,875.7049543739641,863.1377672706101,870.8201904296875,1534262
TECHM.NS,2021-05-24,870.1984073198237,882.809989439063,866.0241440131308,873.6621704101562,1830838
TECHM.NS,2021-05-25,879.3018903637184,889.6487300348186,873.7510223443933,881.611083984375,2719646
TECHM.NS,2021-05-26,884.2755507336763,898.7966006118656,881.9219608770579,895.06640625,2013788
TECHM.NS,2021-05-27,894.3558927205671,916.5593657275325,894.2671005116183,905.7240600585938,6393813
TECHM.NS,2021-05-28,905.9017680420219,917.4475748896164,899.3295178456951,911.45263671875,1839013
TECHM.NS,2021-05-31,910.3423700888849,916.5593423724188,899.6847033171126,907.3671264648438,1801746
TECHM.NS,2021-06-01,910.0759236605234,916.5593812545488,899.9955684276734,915.2271728515625,1262702
TECHM.NS,2021-06-02,906.0792613073822,910.0758319057038,882.8100127063797,903.1928100585938,5252186
TECHM.NS,2021-06-03,903.1927994535641,906.5677161863662,894.3558072002653,900.8836059570312,2024676
TECHM.NS,2021-06-04,905.5019890359355,912.0741842579645,897.9084124134439,905.191162109375,2315912
TECHM.NS,2021-06-07,910.2979401489216,922.731884994242,905.4132303102434,918.69091796875,1745475
TECHM.NS,2021-06-08,922.7763501074658,942.2266143962752,921.0445225566759,939.428955078125,4517995
TECHM.NS,2021-06-09,939.4288308616487,945.3793175515326,929.1707841899396,934.5440673828125,2163655
TECHM.NS,2021-06-10,941.1607872873934,953.8612174407052,938.318786057826,945.7791748046875,3934077
TECHM.NS,2021-06-11,945.7790586097445,961.321488083138,936.897670339234,952.9729614257812,4988857
TECHM.NS,2021-06-14,952.973099207973,958.6127598920604,939.6510148760814,949.642578125,2757666
TECHM.NS,2021-06-15,949.6424802494612,970.7357782676279,942.8926465667256,947.5109252929688,3484298
TECHM.NS,2021-06-16,950.3086683906346,957.3693296167233,936.9865842543172,949.5537719726562,1881596
TECHM.NS,2021-06-17,941.3827852733403,963.3642230853386,938.8072691913198,959.4120483398438,3161931
TECHM.NS,2021-06-18,967.6274150130871,969.4924851808809,936.9866203201532,950.9303588867188,4396398
TECHM.NS,2021-06-21,940.5391052219884,950.3530835387627,936.9865495837562,944.0028686523438,1074790
TECHM.NS,2021-06-22,942.3598512866886,952.0849291652686,935.8319434448895,938.9404296875,2437289
TECHM.NS,2021-06-23,941.4271671944498,943.4699298856485,922.2877318914651,938.2742309570312,4130539
TECHM.NS,2021-06-24,938.3633082299183,961.2328875874894,934.766301896837,959.1901245117188,3617010
TECHM.NS,2021-06-25,965.7622493525583,979.7947787461942,956.5255832260714,967.6273193359375,3200049
TECHM.NS,2021-06-28,968.9595627030616,984.0579243583798,960.1669657030619,981.4822998046875,2143755
TECHM.NS,2021-06-29,984.9460809109139,985.3013581687133,961.8544685541206,966.4284057617188,2956332
TECHM.NS,2021-06-30,966.4727965814826,981.3935748411565,962.1210023031972,972.9118041992188,1917370
TECHM.NS,2021-07-01,973.4002010675682,976.3754445976074,960.0781180237602,963.763916015625,1459518
TECHM.NS,2021-07-02,965.4068972974547,974.7323549070438,954.7492314579245,967.5384521484375,1669409
TECHM.NS,2021-07-05,970.7358034552719,972.4676309187016,951.3743323532279,954.4384765625,2597359
TECHM.NS,2021-07-06,954.4384427902205,954.4384427902205,930.5474858930899,932.1461791992188,3865594
TECHM.NS,2021-07-07,932.1462085884781,940.9831471135723,914.8718422543365,928.9044799804688,3713891
TECHM.NS,2021-07-08,931.6576549304995,944.4468760711547,928.1050995256167,941.5604248046875,2171947
TECHM.NS,2021-07-09,937.164194761885,949.2429714473348,931.6577765317662,934.1001586914062,1889035
TECHM.NS,2021-07-12,938.7627479199466,940.2725405722068,929.0820129423308,938.407470703125,3224820
TECHM.NS,2021-07-13,943.2035630372288,943.2035630372288,930.7696177617851,932.6791381835938,1908081
TECHM.NS,2021-07-14,936.0984450381388,959.1900575343359,930.7696113851704,957.8578491210938,3173326
TECHM.NS,2021-07-15,957.4136109309693,994.4489549264331,955.9926105570047,988.0099487304688,5922995
TECHM.NS,2021-07-16,987.965650339916,993.205691089044,961.89879751645,979.7503662109375,2323939
TECHM.NS,2021-07-19,966.2951567022762,986.23383233241,964.6076710506911,971.8015747070312,1409001
TECHM.NS,2021-07-20,973.3556872581595,978.906554830952,963.5418184386916,965.58447265625,1230858
TECHM.NS,2021-07-22,959.190082695571,1023.5801576913385,959.190082695571,1020.1163940429688,7309727
TECHM.NS,2021-07-23,1011.4322152123791,1027.2253426063598,1003.4682036457364,1017.7764892578125,2840803
TECHM.NS,2021-07-26,1017.7764816418317,1024.570701033974,1004.7731036899243,1008.0576171875,984581
TECHM.NS,2021-07-27,1008.0576271367988,1014.8068081161559,993.5244786412105,1008.642578125,1397105
TECHM.NS,2021-07-28,1011.4774322308352,1017.5066576822588,995.7293405368498,1007.4729614257812,2533035
TECHM.NS,2021-07-29,1015.7068476475529,1027.090489869679,1003.4683529828421,1014.8970336914062,3821405
TECHM.NS,2021-07-30,1066.3706485677037,1113.4349835794928,1057.371740140972,1088.4630126953125,20425030
TECHM.NS,2021-08-02,1088.8680450822308,1092.4676088676265,1075.864664847476,1089.4979248046875,2385223
TECHM.NS,2021-08-03,1089.7678747770133,1106.865801796636,1088.8679838812436,1103.4912109375,2603616
TECHM.NS,2021-08-04,1102.546292084213,1107.2257906968732,1092.197546684051,1094.71728515625,1938175
TECHM.NS,2021-08-05,1095.2122608345485,1128.463185559987,1095.1672223496844,1123.2437744140625,5790873
TECHM.NS,2021-08-06,1126.6633503233668,1145.5610582760748,1118.6093711120766,1138.001953125,3894726
TECHM.NS,2021-08-09,1161.2191970934182,1175.9774292866155,1139.261837962072,1158.564453125,6585101
TECHM.NS,2021-08-10,1159.0593689526506,1196.5847719733258,1154.0200023619775,1190.6005859375,6314469
TECHM.NS,2021-08-11,1190.6007069664313,1193.930259378207,1168.373335681181,1191.0955810546875,3430349
TECHM.NS,2021-08-12,1190.555663637953,1255.1678743573832,1185.8312364012947,1247.7437744140625,8613315
TECHM.NS,2021-08-13,1241.9393709306637,1250.8483125367086,1229.1609644835821,1244.68408203125,4760344
TECHM.NS,2021-08-16,1243.6042114712534,1259.8022480119403,1224.0766224705226,1230.915771484375,2912430
TECHM.NS,2021-08-17,1234.6502544246928,1285.7640989851734,1233.3004181407007,1272.1756591796875,8042970
TECHM.NS,2021-08-18,1276.04534741427,1282.3445839670908,1263.6718470426576,1271.095947265625,2939739
TECHM.NS,2021-08-20,1233.4354997245273,1277.8450942337129,1233.4354997245273,1259.1273193359375,4051399
TECHM.NS,2021-08-23,1273.7504994754947,1298.4974986234163,1267.9462472516936,1274.2454833984375,3987240
TECHM.NS,2021-08-24,1279.5547936317264,1320.1398481101103,1277.8449790840875,1316.855224609375,5366923
TECHM.NS,2021-08-25,1316.5404039725622,1330.0387676496562,1304.841822119081,1316.63037109375,3105863
TECHM.NS,2021-08-26,1313.6608887524512,1319.9150870863673,1299.442567412793,1304.3919677734375,1993944
TECHM.NS,2021-08-27,1304.7067408932705,1311.2309496257317,1287.9237543908102,1300.7022705078125,3097939
TECHM.NS,2021-08-30,1304.8418057461472,1309.3412602487201,1274.1555480085924,1277.1251220703125,2742699
TECHM.NS,2021-08-31,1282.1648064874569,1308.4415810949,1266.1016634337827,1302.727294921875,6392991
TECHM.NS,2021-09-01,1304.842013161462,1321.2650247064253,1284.5944646813705,1292.5135498046875,1829925
TECHM.NS,2021-09-02,1292.243433563205,1307.1366730641068,1278.9250032605871,1293.86328125,3860958
TECHM.NS,2021-09-03,1299.4425988029245,1304.5719335424196,1282.434637000952,1297.5977783203125,1919590
TECHM.NS,2021-09-06,1303.0420230479508,1320.9498739258538,1292.3332993692077,1314.8756103515625,1801171
TECHM.NS,2021-09-07,1321.8947568273409,1325.4493919622996,1288.913841645181,1291.5234375,1940043
TECHM.NS,2021-09-08,1296.022933286462,1297.957720845289,1277.7101739854118,1284.9093017578125,2256454
TECHM.NS,2021-09-09,1282.8844891661918,1293.953191556638,1272.4457763373778,1289.7686767578125,2303457
TECHM.NS,2021-09-13,1292.2434564505727,1295.6630861388298,1278.160140543634,1286.3941650390625,1937241
TECHM.NS,2021-09-14,1291.3434614853697,1311.1410615917655,1286.3940614587707,1306.6866455078125,1554999
TECHM.NS,2021-09-15,1297.7326816410164,1331.8385696860787,1293.9981123303492,1318.2052001953125,2410087
TECHM.NS,2021-09-16,1318.2053800301753,1321.9399498503274,1295.8431094516482,1303.357177734375,1800078
TECHM.NS,2021-09-17,1305.7417103954572,1324.6394195052467,1292.7832593216085,1306.2366943359375,2861623
TECHM.NS,2021-09-20,1295.8429230691818,1343.6721473732907,1283.5593900575952,1288.013916015625,2526342
TECHM.NS,2021-09-21,1294.943003926928,1319.6449651695652,1278.2050551720833,1315.3704833984375,1713705
TECHM.NS,2021-09-22,1317.440262928618,1374.9433127682407,1310.6910812537787,1362.0748291015625,5145820
TECHM.NS,2021-09-23,1372.4236674850565,1377.7330460662793,1353.4359903877753,1369.18408203125,2015302
TECHM.NS,2021-09-24,1376.8330774403264,1392.8961080404708,1359.780188819858,1363.1097412109375,3592146
TECHM.NS,2021-09-27,1370.5337522657906,1372.3335339496589,1313.1206726104058,1317.8001708984375,2728552
TECHM.NS,2021-09-28,1317.8003321937201,1318.3402447949732,1267.4064388773252,1272.4908447265625,3995669
TECHM.NS,2021-09-29,1259.847356773295,1267.901337006964,1235.3253278646719,1255.662841796875,7948104
TECHM.NS,2021-09-30,1249.048619193404,1262.2320433760658,1239.1498188972027,1242.389404296875,3856630
TECHM.NS,2021-10-01,1237.3500549260768,1245.4490734674112,1228.1712111858856,1233.9754638671875,2661824
TECHM.NS,2021-10-04,1246.078909098915,1264.8417226023878,1234.69537687638,1258.992431640625,2538936
TECHM.NS,2021-10-05,1259.037397803798,1278.745031447758,1242.7493936870892,1271.5909423828125,2481825
TECHM.NS,2021-10-06,1280.4547736558209,1284.0543372279224,1241.8043938904027,1246.933837890625,2769341
TECHM.NS,2021-10-07,1258.0024178587764,1280.814739657411,1237.9349170474025,1275.3253173828125,1956325
TECHM.NS,2021-10-08,1276.4951155342414,1302.1420036503682,1276.4951155342414,1295.7977294921875,2665924
TECHM.NS,2021-10-11,1277.8451058276937,1290.8484856758837,1246.888836223565,1260.0272216796875,3073366
TECHM.NS,2021-10-12,1258.9473455911962,1262.4119035215085,1224.7514920297483,1236.85498046875,2965629
TECHM.NS,2021-10-13,1248.0586469036414,1268.8461036530725,1239.1497054824688,1261.781982421875,1738985
TECHM.NS,2021-10-14,1288.643667828843,1313.48063275276,1269.2960149948206,1287.5638427734375,4328124
TECHM.NS,2021-10-18,1277.8450467289258,1338.0926970695764,1277.8450467289258,1331.5235595703125,3579606
TECHM.NS,2021-10-19,1348.0365998385032,1412.6488119149412,1329.1839289810152,1385.0220947265625,8645334
TECHM.NS,2021-10-20,1389.431714299173,1418.6781720159627,1364.0548318510569,1385.2022705078125,5159270
TECHM.NS,2021-10-21,1391.3664477248162,1391.3664477248162,1328.2841125849486,1371.6588134765625,4261416
TECHM.NS,2021-10-22,1377.7329945820713,1405.5845745364777,1335.2131487336044,1365.5394287109375,5223521
TECHM.NS,2021-10-25,1377.7330733662534,1381.332637241802,1335.2582635747679,1371.5238037109375,3890467
TECHM.NS,2021-10-26,1414.5387234583118,1466.8223700146036,1388.5318508788548,1406.7996826171875,16978043
TECHM.NS,2021-10-27,1405.4945755164108,1428.2168206657732,1374.5833451743003,1410.8939208984375,3624131
TECHM.NS,2021-10-28,1420.0276872624454,1424.3921356873998,1373.2333655022128,1379.8026123046875,3054565
TECHM.NS,2021-10-29,1374.4484102873625,1388.306752784258,1320.8599705235129,1329.90380859375,3795495
TECHM.NS,2021-11-01,1340.8374072222734,1376.7430751977479,1338.1827730741331,1369.7689208984375,2271900
TECHM.NS,2021-11-02,1383.4925735372096,1384.1287221646544,1352.4100453968751,1354.7275390625,2041689
TECHM.NS,2021-11-03,1361.4529705716511,1397.5341564558291,1357.4540210996129,1361.952880859375,2697346
TECHM.NS,2021-11-04,1371.450415262806,1376.903498424885,1364.1796377133678,1368.5875244140625,166444
TECHM.NS,2021-11-08,1370.541630119568,1420.3465029654105,1367.1789397280133,1414.3480224609375,3050392
TECHM.NS,2021-11-09,1418.710432173702,1428.7077510423187,1411.4396548147079,1417.074462890625,2061369
TECHM.NS,2021-11-10,1414.1206823961243,1429.934645036498,1405.5776079181894,1423.7999267578125,1299996
TECHM.NS,2021-11-11,1417.801526394282,1417.801526394282,1376.9034054406009,1383.2198486328125,3027565
TECHM.NS,2021-11-12,1398.2613134149497,1444.5670304406328,1391.717658437953,1440.522705078125,3713868
TECHM.NS,2021-11-15,1440.522788532232,1455.5187670879304,1429.9346966360717,1435.2060546875,2448280
TECHM.NS,2021-11-16,1440.613713960174,1458.6997959238329,1432.3432264024675,1454.064697265625,2864344
TECHM.NS,2021-11-17,1452.7922487970216,1476.8766995903409,1449.6112835979038,1470.9237060546875,2304359
TECHM.NS,2021-11-18,1472.5140805224105,1476.6493793548989,1417.3471039261208,1424.8450927734375,2938804
TECHM.NS,2021-11-22,1437.6144618050107,1437.6144618050107,1381.4476637312664,1400.80615234375,1951782
TECHM.NS,2021-11-23,1383.2652913878617,1421.845806550256,1368.996436241647,1418.3013916015625,1823592
TECHM.NS,2021-11-24,1425.7995021759032,1426.7992118865238,1390.5361871697203,1397.8978271484375,1644163
TECHM.NS,2021-11-25,1391.4449004418673,1422.1639765859434,1390.5815400801598,1417.210693359375,1557493
TECHM.NS,2021-11-26,1403.2599355154832,1408.7130181664502,1372.4954830815952,1388.173095703125,1522173
TECHM.NS,2021-11-29,1376.903273270117,1404.6231081445321,1344.5483406545306,1396.579833984375,1995524
TECHM.NS,2021-11-30,1389.627280270659,1449.1112813437917,1387.3551624154093,1400.9423828125,5662900
TECHM.NS,2021-12-01,1408.7132300277287,1449.0660699023376,1408.7132300277287,1442.8858642578125,2761193
TECHM.NS,2021-12-02,1445.0670905438635,1483.6930976810422,1435.978618276292,1481.1029052734375,2664202
TECHM.NS,2021-12-03,1476.876695963643,1488.918921330731,1444.7943455140205,1448.0662841796875,2400296
TECHM.NS,2021-12-06,1459.60854758866,1471.923471056764,1405.8502155682095,1410.3035888671875,2911781
TECHM.NS,2021-12-07,1421.4370206931494,1437.2054974233117,1395.9892990950623,1432.9339599609375,1758254
TECHM.NS,2021-12-08,1438.3869578625881,1467.6064157962978,1437.8416717636176,1458.5179443359375,1604565
TECHM.NS,2021-12-09,1447.7934990283318,1472.3323718932188,1440.52272188318,1464.33447265625,1947954
TECHM.NS,2021-12-10,1464.1528166582616,1464.334541718159,1434.6607698496186,1456.56396484375,1776362
TECHM.NS,2021-12-13,1458.6998168740417,1504.5966023893932,1451.8379758503806,1488.828125,3163063
TECHM.NS,2021-12-14,1490.5091700243993,1513.2303463967223,1477.4672369753346,1492.9630126953125,2725454
TECHM.NS,2021-12-15,1489.6006423861058,1496.2352716867922,1468.606293104888,1491.963623046875,1622068
TECHM.NS,2021-12-16,1498.6890331867417,1515.639055659768,1492.5088278478422,1502.00634765625,2225836
TECHM.NS,2021-12-17,1517.0475870231796,1522.318944761446,1478.603419939335,1493.0994873046875,3405084
TECHM.NS,2021-12-20,1485.9651601767475,1489.0097760838703,1432.888461930406,1452.38330078125,2233189
TECHM.NS,2021-12-21,1459.1541184930156,1504.414751534879,1459.1541184930156,1484.1019287109375,2237445
TECHM.NS,2021-12-22,1495.053489559798,1510.2311918546247,1483.0112654037694,1508.458984375,1656110
TECHM.NS,2021-12-23,1517.774638258508,1536.9512896430647,1512.457904977809,1530.3167724609375,1715034
TECHM.NS,2021-12-24,1529.907842235976,1577.0315452205903,1527.1813007601843,1566.6707763671875,3343946
TECHM.NS,2021-12-27,1567.3068633263854,1628.6540441176471,1548.3574230039571,1622.2921142578125,4512000
TECHM.NS,2021-12-28,1622.2922187322138,1656.828411623992,1614.2034566294349,1641.4688720703125,3605483
TECHM.NS,2021-12-29,1636.3792965508997,1655.0106631597826,1620.2472596090622,1623.9735107421875,1902921
TECHM.NS,2021-12-30,1624.1098682349973,1670.461073204211,1623.2010210787382,1635.87939453125,4650594
TECHM.NS,2021-12-31,1636.106467198161,1647.7397541863731,1620.8832786252865,1627.336181640625,2378048
TECHM.NS,2022-01-03,1631.426157126688,1652.2841553039646,1620.4745043492678,1622.1104736328125,1779147
TECHM.NS,2022-01-04,1629.5629295701103,1639.3785231048898,1605.9329038206274,1626.6546630859375,2701533
TECHM.NS,2022-01-05,1617.7025125971534,1620.4290541690646,1575.032181374047,1579.16748046875,3138050
TECHM.NS,2022-01-06,1567.7611982614233,1571.2602372978793,1535.9515507604667,1537.860107421875,4290750
TECHM.NS,2022-01-07,1546.8579614798432,1567.3525105759327,1540.5868935014073,1548.539306640625,2103362
TECHM.NS,2022-01-10,1562.3082064115083,1567.7612891564002,1533.6795220008262,1559.5816650390625,2330348
TECHM.NS,2022-01-11,1549.584375239139,1585.938260875248,1549.584375239139,1578.8038330078125,2704832
TECHM.NS,2022-01-12,1594.1178719069042,1595.0267190402606,1564.1259165061472,1572.7144775390625,3013194
TECHM.NS,2022-01-13,1572.3055081492655,1589.4827408026679,1546.6760638966184,1562.12646484375,2768371
TECHM.NS,2022-01-14,1558.2185454782248,1587.5743548126293,1541.8592956569312,1579.3492431640625,1889385
TECHM.NS,2022-01-17,1574.9867088819847,1591.3914451986589,1563.217182034091,1565.3984375,2522806
TECHM.NS,2022-01-18,1581.394057301859,1587.347050573028,1499.6432996939307,1509.367919921875,4878369
TECHM.NS,2022-01-19,1511.5035489874952,1523.7729845060314,1479.1941020212969,1517.865478515625,2610709
TECHM.NS,2022-01-20,1517.8656640806166,1520.6830681702922,1493.7358378434776,1514.9573974609375,2440011
TECHM.NS,2022-01-21,1499.5977091795064,1502.3242504689238,1444.0216870415677,1448.2933349609375,4079190
TECHM.NS,2022-01-24,1443.2493589523808,1443.2493589523808,1365.043012725043,1375.22216796875,3250275
TECHM.NS,2022-01-25,1362.3617848167014,1388.4002760747296,1331.460983826863,1363.81591796875,3910618
TECHM.NS,2022-01-27,1349.1836454404552,1349.1836454404552,1299.6514738833619,1313.8294677734375,4434890
TECHM.NS,2022-01-28,1314.1930335162247,1347.72951693361,1278.066357802345,1282.0653076171875,7080683
TECHM.NS,2022-01-31,1306.013356175916,1352.000999834517,1301.014696844693,1344.1849365234375,4406035
TECHM.NS,2022-02-01,1366.9060995351153,1376.857931347913,1340.5495324563133,1368.49658203125,2542754
TECHM.NS,2022-02-02,1345.0028631479724,1354.1821967899116,1311.4663825287535,1347.7747802734375,9031146
TECHM.NS,2022-02-03,1344.0941919569505,1344.9121766534076,1317.01050009902,1321.736572265625,2433692
TECHM.NS,2022-02-04,1330.5523353934632,1331.4156958786052,1304.1957659082102,1316.1925048828125,2406272
TECHM.NS,2022-02-07,1317.828333462647,1332.1426757054307,1303.2867794382314,1312.64794921875,2741520
TECHM.NS,2022-02-08,1314.6474930219392,1323.4178908121553,1290.7447669533258,1303.4686279296875,1981111
TECHM.NS,2022-02-09,1308.7855429356732,1336.868834553582,1308.7855429356732,1322.1910400390625,2282701
TECHM.NS,2022-02-10,1331.461002920045,1337.8229326268302,1318.100994913096,1334.6419677734375,1850405
TECHM.NS,2022-02-11,1317.6920499833525,1317.7829125118903,1291.4718312628327,1295.016357421875,2426039
TECHM.NS,2022-02-14,1263.2973665777172,1289.4722053128826,1246.029273077734,1263.4337158203125,2149302
TECHM.NS,2022-02-15,1276.0668182785632,1311.102807503998,1267.8871943583956,1308.4217529296875,1955525
TECHM.NS,2022-02-16,1318.2828730532997,1330.506823603652,1298.6063088435483,1312.3753662109375,2164650
TECHM.NS,2022-02-17,1328.2344474609304,1328.2344474609304,1308.9669348044793,1315.6015625,1669669
TECHM.NS,2022-02-18,1307.3311325572954,1313.2841257398543,1287.9272681822467,1306.876708984375,2374188
TECHM.NS,2022-02-21,1297.0611277857568,1308.739790533465,1281.5652407497112,1288.9268798828125,2109461
TECHM.NS,2022-02-22,1254.6633987837474,1291.199007163498,1249.6647398244497,1283.7919921875,2111878
TECHM.NS,2022-02-23,1292.3808037379272,1295.0618587776567,1280.747514432458,1284.473876953125,1319711
TECHM.NS,2022-02-24,1245.5750552475765,1272.386046951191,1208.7667446036314,1211.4932861328125,4108603
TECHM.NS,2022-02-25,1231.4879490588103,1272.3860728282912,1227.034575615259,1263.02490234375,1885454
TECHM.NS,2022-02-28,1254.2089532081118,1290.4264866610158,1238.9857648267814,1281.474365234375,4983140
TECHM.NS,2022-03-02,1272.3859850479514,1291.199076306716,1256.7083720178962,1267.2509765625,2160190
TECHM.NS,2022-03-03,1281.2927592016683,1312.011726371751,1277.0665977564324,1296.6068115234375,2730530
TECHM.NS,2022-03-04,1286.0188600987362,1326.9169863916288,1271.0228804580088,1321.100341796875,3567738
TECHM.NS,2022-03-07,1297.8337105904077,1330.5522074960481,1282.42879600797,1294.2891845703125,3341715
TECHM.NS,2022-03-08,1290.563110758637,1333.1880694927697,1290.563110758637,1328.689208984375,2365949
TECHM.NS,2022-03-09,1328.689065600119,1373.2680633235639,1328.689065600119,1367.5877685546875,3667977
TECHM.NS,2022-03-10,1385.9918653759246,1386.8552257672184,1340.0950855716726,1349.9560546875,2835942
TECHM.NS,2022-03-11,1341.4583326286186,1355.863537114876,1338.2773677477242,1351.27392578125,1116432
TECHM.NS,2022-03-14,1351.4557595421136,1371.3595350152123,1351.4557595421136,1365.997314453125,1372791
TECHM.NS,2022-03-15,1375.994689363856,1376.9035365827224,1316.010772918668,1325.64453125,2188506
TECHM.NS,2022-03-16,1340.7313106015044,1358.272105487953,1334.55121636631,1354.0914306640625,1453944
TECHM.NS,2022-03-17,1367.8151469682425,1372.3138965959129,1351.4558960410477,1357.3634033203125,2346185
TECHM.NS,2022-03-21,1358.7265422162154,1381.447721851938,1341.640170752848,1344.912109375,2110200
TECHM.NS,2022-03-22,1351.3649730407092,1403.2146411214037,1340.5951555174806,1397.98876953125,3030660
TECHM.NS,2022-03-23,1408.7131637016573,1419.346631592294,1389.8090975146786,1401.5787353515625,3741783
TECHM.NS,2022-03-24,1390.6725122859793,1428.6622572326662,1390.6725122859793,1425.572265625,2085571
TECHM.NS,2022-03-25,1427.7988325498916,1431.388734314266,1383.6288844890673,1391.0360107421875,1755511
TECHM.NS,2022-03-28,1394.1714777054417,1398.670226558025,1378.312139888505,1385.491943359375,1928306
TECHM.NS,2022-03-29,1396.8981296022937,1399.2157343117292,1380.6297427292689,1383.58349609375,2311150
TECHM.NS,2022-03-30,1394.4443990966715,1394.4443990966715,1349.638184682432,1359.908203125,3792481
TECHM.NS,2022-03-31,1359.9079723170216,1371.9955722895984,1351.6373748781657,1362.770751953125,2036984
TECHM.NS,2022-04-01,1362.3618115362729,1365.6791256609517,1340.9584178182927,1351.5465087890625,2537230
TECHM.NS,2022-04-04,1351.5465941305115,1367.1788319026318,1348.4111157949496,1362.0438232421875,1675276
TECHM.NS,2022-04-05,1370.5414561933148,1383.7197394259429,1345.0937368475504,1353.31884765625,3207223
TECHM.NS,2022-04-06,1346.911335722014,1346.911335722014,1321.4636181780083,1326.325927734375,2627895
TECHM.NS,2022-04-07,1321.4638507137192,1340.231567893595,1318.4646105266784,1334.6876220703125,3336784
TECHM.NS,2022-04-08,1340.549497563228,1348.1838355346113,1308.7398484685075,1316.6922607421875,5402943
TECHM.NS,2022-04-11,1323.2359143228039,1329.052558054557,1304.7863844317253,1317.1011962890625,3268704
TECHM.NS,2022-04-12,1305.4224166985534,1310.1938636329064,1278.2478681599714,1286.0185546875,2021088
TECHM.NS,2022-04-13,1288.8361257621825,1298.4698833974358,1275.4761169874666,1281.8834228515625,1430399
TECHM.NS,2022-04-18,1263.2975370586953,1263.2975370586953,1208.9484331734004,1221.990478515625,3968044
TECHM.NS,2022-04-19,1237.713395433118,1237.713395433118,1168.459291098901,1182.591796875,2677360
TECHM.NS,2022-04-20,1186.4091182174875,1200.5416251487354,1177.6387208360381,1189.8626708984375,3025261
TECHM.NS,2022-04-21,1194.1342622197917,1198.7693603783202,1179.1836604163695,1193.0435791015625,3728173
TECHM.NS,2022-04-22,1186.0454208076205,1203.313515056927,1175.002906770073,1187.40869140625,1954666
TECHM.NS,2022-04-25,1176.9571058920544,1179.6381607135006,1147.5104348764505,1154.5994873046875,2686619
TECHM.NS,2022-04-26,1164.5966715405268,1168.504647422068,1149.6915572265686,1159.18896484375,2568317
TECHM.NS,2022-04-27,1152.191076333506,1158.3257951386738,1132.6508608800095,1146.2835693359375,2382463
TECHM.NS,2022-04-28,1157.6895984505234,1167.3233565045907,1136.2407159479733,1155.41748046875,2576887
TECHM.NS,2022-04-29,1166.95970341665,1167.6868254907838,1134.5592813628878,1144.238525390625,3811317
TECHM.NS,2022-05-02,1126.970556187345,1135.1501811919306,1112.6107256908779,1118.97265625,2149957
TECHM.NS,2022-05-04,1120.1085117870214,1130.5602529496564,1090.6164691445356,1102.249755859375,2797667
TECHM.NS,2022-05-05,1120.4720596003465,1150.6912239102658,1110.7474405756545,1148.19189453125,3563713
TECHM.NS,2022-05-06,1126.6977901052833,1180.5924715599579,1116.700471254506,1173.094482421875,5745203
TECHM.NS,2022-05-09,1163.324249969099,1163.324249969099,1099.704955048914,1146.1925048828125,5712061
TECHM.NS,2022-05-10,1140.6032280683687,1155.5537200271,1122.4262841947693,1129.0609130859375,2852416
TECHM.NS,2022-05-11,1129.6969263542483,1150.2823350126675,1097.2511298056852,1112.8377685546875,3244609
TECHM.NS,2022-05-12,1098.7960926631195,1120.4720727987183,1087.935414701853,1102.249755859375,3110220
TECHM.NS,2022-05-13,1116.0643154324948,1122.017308723546,1086.0723590731525,1093.206787109375,1892084
TECHM.NS,2022-05-16,1081.5281553744917,1109.7024182455918,1051.490711387837,1080.664794921875,3474480
TECHM.NS,2022-05-17,1086.7995682806552,1099.7051546437965,1075.3026285661804,1088.980712890625,4434968
TECHM.NS,2022-05-18,1098.7963394842895,1118.336555612422,1061.9880253824585,1065.2144775390625,5294021
TECHM.NS,2022-05-19,1047.9008516121244,1048.7188363042042,999.7319486325558,1007.32080078125,4393100
TECHM.NS,2022-05-20,1025.1795068247222,1031.3597113495462,1013.1372830078539,1027.815185546875,2461651
TECHM.NS,2022-05-23,1030.6326736794344,1043.1748087946348,1013.9553505753013,1038.721435546875,2783695
TECHM.NS,2022-05-24,1043.3563940850106,1046.8554329740864,991.5521131940301,998.2321166992188,3666196
TECHM.NS,2022-05-25,991.5977428225891,995.0967822159131,949.7452865362027,963.5143432617188,4711542
TECHM.NS,2022-05-26,972.4664682939163,990.1889880431978,959.6971212254641,980.2825317382812,2946857
TECHM.NS,2022-05-27,995.1876766528316,1023.5436647061832,992.4611350729607,1020.8626098632812,3367600
TECHM.NS,2022-05-30,1038.7215386752769,1063.8057004528766,1031.9505601329186,1057.898193359375,2469771
TECHM.NS,2022-05-31,1046.9919376191485,1083.3458243420355,1043.9473217947582,1072.6668701171875,9674664
TECHM.NS,2022-06-01,1078.029055137522,1087.8900243980936,1038.9031414616923,1042.0841064453125,2419021
TECHM.NS,2022-06-02,1036.0857355407395,1050.0820036305547,1028.5422599309923,1041.538818359375,3206663
TECHM.NS,2022-06-03,1054.2627762546608,1074.257415114663,1039.812083253552,1043.2657470703125,3229236
TECHM.NS,2022-06-06,1041.5388012272324,1044.2653425917015,1009.8200144985904,1039.90283203125,3938875
TECHM.NS,2022-06-07,1027.0881835279492,1035.9040678051265,1018.5449977840931,1027.27001953125,1656444
TECHM.NS,2022-06-08,1031.4506835096477,1035.4496332776566,1017.8179758527484,1021.7259521484375,1303551
TECHM.NS,2022-06-09,1019.7263935297801,1037.8578478609666,1010.3198487192905,1034.813232421875,1323539
TECHM.NS,2022-06-10,1016.9999948855524,1021.4533682582429,999.9591102527517,1008.6840209960938,3119792
TECHM.NS,2022-06-13,982.6454227112343,985.7355249850679,954.2894380715501,956.0616455078125,2012004
TECHM.NS,2022-06-14,939.7479406597165,960.2424879982141,927.387641771992,936.2489013671875,5775453
TECHM.NS,2022-06-15,942.474427193683,942.474427193683,925.0245520664569,927.0694580078125,3238141
TECHM.NS,2022-06-16,930.7049108687605,939.3843340493993,882.4905281609381,886.3985595703125,5600443
TECHM.NS,2022-06-17,882.5814610393452,885.5352143299342,857.6790819647413,877.0829467773438,7043370
TECHM.NS,2022-06-20,877.037472726287,898.0773057891483,861.6325029141269,890.0794067382812,2985094
TECHM.NS,2022-06-21,901.0310626644624,913.0732870807469,890.6701832421784,908.93798828125,3433536
TECHM.NS,2022-06-22,906.0751976844037,906.0751976844037,879.7640610052615,890.6702270507812,2719988
TECHM.NS,2022-06-23,891.6698905823728,907.5292839800865,882.7177686055003,900.7583618164062,2915172
TECHM.NS,2022-06-24,909.7560273304628,909.7560273304628,885.2171534664043,891.7608642578125,4056588
TECHM.NS,2022-06-27,905.2117698710426,930.7503528363836,905.2117698710426,915.390869140625,3796002
TECHM.NS,2022-06-28,910.664825865033,935.2036984182823,894.3510087584548,927.6602783203125,2755698
TECHM.NS,2022-06-29,916.1179282213155,933.749585139623,911.164700153968,928.0238037109375,3770663
TECHM.NS,2022-06-30,923.38872265625,932.4771943359375,906.1206264648438,908.84716796875,3264301
TECHM.NS,2022-07-01,906.1206211563538,921.5710229213067,899.122486909667,918.5718383789062,1842102
TECHM.NS,2022-07-04,918.5718034037676,921.3892073120392,904.3028923992234,908.8016967773438,1814322
TECHM.NS,2022-07-05,913.3913458330882,928.7508841854986,907.938263171398,911.7554321289062,3045188
TECHM.NS,2022-07-06,916.117955770152,922.3890234893734,910.3013116401024,917.8447875976562,2188175
TECHM.NS,2022-07-07,927.8875300401885,933.295181800294,923.3887254508021,927.7057495117188,1901699
TECHM.NS,2022-07-08,937.0213916776706,940.3840816836937,922.0708452845115,932.9315795898438,2841036
TECHM.NS,2022-07-11,922.4798456162788,924.6156142031928,897.9409728757473,915.7089233398438,2892507
TECHM.NS,2022-07-12,908.8471267424869,924.1157473774355,903.8484675454032,906.4386596679688,2013304
TECHM.NS,2022-07-13,910.1196486797547,912.664409858421,897.0776574976861,899.80419921875,2067142
TECHM.NS,2022-07-14,907.0294449284683,907.5747310233415,880.4910973693019,886.85302734375,2212219
TECHM.NS,2022-07-15,890.6702641766814,898.7590265195915,877.082987317619,885.035400390625,2544737
TECHM.NS,2022-07-18,895.2143759954544,928.8417180379232,894.487309423996,916.1178588867188,3946821
TECHM.NS,2022-07-19,908.8017710957605,918.7990903217376,900.6675775402983,915.8453369140625,2985845
TECHM.NS,2022-07-20,928.1601037527602,955.8344536562646,924.5247153414886,950.1996459960938,5574762
TECHM.NS,2022-07-21,945.1282612955965,955.0867309256779,932.2652849226367,952.2743530273438,4935223
TECHM.NS,2022-07-22,958.9594249986056,962.371062545052,934.2938820959973,948.5399169921875,2985409
TECHM.NS,2022-07-25,948.7243898460102,948.7243898460102,929.6834904897356,937.982177734375,2888919
TECHM.NS,2022-07-26,935.9075073213484,956.4237063734666,916.6822376875102,921.4769897460938,5939871
TECHM.NS,2022-07-27,922.0763424917462,931.2510133553538,914.6997317518122,929.1302490234375,2546052
TECHM.NS,2022-07-28,941.6243632247453,962.140505370377,936.2763317451311,957.115234375,3428026
TECHM.NS,2022-07-29,972.7905873448483,984.7775803642635,962.7399322246312,966.9354248046875,6185909
TECHM.NS,2022-08-01,976.4327935023422,976.4327935023422,956.9309669949083,967.8114013671875,2540084
TECHM.NS,2022-08-02,964.4918315382362,967.719098660974,949.7386104057201,952.135986328125,2802273
TECHM.NS,2022-08-03,947.3873260862521,974.6347279797117,944.8516160560305,970.6237182617188,3509019
TECHM.NS,2022-08-04,980.1671133311339,989.1112084765617,955.4554233057372,973.7587280273438,5360632
TECHM.NS,2022-08-05,977.4008712189291,984.7313327298144,968.5949975917661,975.7410888671875,2641829
TECHM.NS,2022-08-08,973.7126458307604,981.8729991861778,967.3042600883731,974.265869140625,2579239
TECHM.NS,2022-08-10,973.7124984874247,976.6170611223804,961.7716563369924,972.9747924804688,2823021
TECHM.NS,2022-08-11,988.4658617863773,1008.6593566609939,986.8060793086254,993.3067626953125,3201408
TECHM.NS,2022-08-12,989.6646968216853,992.5231112993155,979.2451879343365,982.84130859375,1771561
TECHM.NS,2022-08-16,992.154255787891,995.7964127259302,974.2199139384091,993.7217407226562,2222701
TECHM.NS,2022-08-17,988.9269057999591,1020.6463554067113,988.6502378659856,1018.433349609375,4280823
TECHM.NS,2022-08-18,1014.283938313045,1022.766995319315,1003.3112077414844,1019.0326538085938,3041422
TECHM.NS,2022-08-19,1023.5047810456754,1046.5566905286862,1014.2840172524711,1018.1106567382812,4577717
TECHM.NS,2022-08-22,1010.5956420432491,1014.2839473061806,991.4625584917916,994.6436767578125,2157609
TECHM.NS,2022-08-23,979.2451879343365,986.713984652712,965.4140412121001,982.84130859375,2875768
TECHM.NS,2022-08-24,982.9333867306674,989.7567742158495,972.8827320282646,987.4976196289062,2180800
TECHM.NS,2022-08-25,995.8424670381073,1004.7405264079944,982.5185086829405,987.1749267578125,2734931
TECHM.NS,2022-08-26,998.6086822681564,1012.0249381196718,996.7645295769871,1000.9600219726562,2624896
TECHM.NS,2022-08-29,964.491792273364,965.9670918149266,938.0281916884434,954.8561401367188,6118233
TECHM.NS,2022-08-30,966.3359555215293,996.3034350582179,961.0801656721973,992.2462768554688,4453769
TECHM.NS,2022-09-01,973.7126011132061,982.0112880545119,961.8177939857055,970.8541870117188,6112823
TECHM.NS,2022-09-02,975.7412741125963,983.3945538257383,965.4602115335691,974.0816040039062,1645341
TECHM.NS,2022-09-05,973.7125983250219,987.359372946017,972.6061517592742,982.0574340820312,1677079
TECHM.NS,2022-09-06,982.0574541447359,987.5437633623791,968.4568280853567,980.8125610351562,3051076
TECHM.NS,2022-09-07,970.0243692050994,978.3230567743446,962.6477580324371,973.5743408203125,2615897
TECHM.NS,2022-09-08,986.6216625739427,1007.7372328172943,983.9476187338423,1004.6943359375,2634786
TECHM.NS,2022-09-09,1016.7274683086298,1044.1130897617438,1001.605394274695,1038.8572998046875,3394349
TECHM.NS,2022-09-12,1051.1670319082102,1074.2189405026886,1051.1208830677624,1060.47998046875,5230075
TECHM.NS,2022-09-13,1065.9201741293268,1073.7116736314974,1054.0253676676398,1058.036376953125,2483685
TECHM.NS,2022-09-14,1025.3490615358367,1034.4314924919445,1009.6737611346593,1027.838623046875,5179539
TECHM.NS,2022-09-15,1033.0021970620032,1036.6905025231788,993.9983217868117,998.6087036132812,3392174
TECHM.NS,2022-09-16,982.0112180755754,990.2637555891997,947.8943964147338,952.6891479492188,6635089
TECHM.NS,2022-09-19,955.2710848721591,969.8859722980044,943.3762776164652,958.4983520507812,2485826
TECHM.NS,2022-09-20,971.8683436775924,982.6565905148968,968.180038768,973.850830078125,2321528
TECHM.NS,2022-09-21,965.5982895745522,983.8092971264111,965.4139193314626,977.5392456054688,2760138
TECHM.NS,2022-09-22,968.1802558376655,988.46593738855,961.0341634731494,966.7049560546875,3867282
TECHM.NS,2022-09-23,957.1153283215043,968.0880602811376,942.3621055342749,954.4412841796875,3230711
TECHM.NS,2022-09-26,948.8165993166474,970.254875248729,934.5705079253198,952.4127197265625,3314114
TECHM.NS,2022-09-27,954.3028645092088,963.5697767635429,939.6418844483848,942.8230590820312,4448875
TECHM.NS,2022-09-28,936.8295740923087,955.6399541939808,929.9600940107185,949.4619750976562,1965519
TECHM.NS,2022-09-29,961.5873387835342,963.1087873354745,923.597836618455,928.6231079101562,3176310
TECHM.NS,2022-09-30,922.9984069497053,939.4113543789105,907.8302400552068,930.0061645507812,3848885
TECHM.NS,2022-10-03,931.2971096712223,938.9042395274477,921.2926038264828,927.1477661132812,2431236
TECHM.NS,2022-10-04,942.3620772916465,955.2711468435868,938.5815865773519,948.1712036132812,2715420
TECHM.NS,2022-10-06,952.9198131837853,963.5698406564075,947.29516963991,950.9374389648438,2397633
TECHM.NS,2022-10-07,949.6464167725773,955.6859490846755,941.4860076393613,944.0678100585938,1539126
TECHM.NS,2022-10-10,929.5450997276771,952.5048222132752,925.3035712400984,949.1392211914062,1660433
TECHM.NS,2022-10-11,953.8879244231864,954.3489625693551,922.5834230425127,926.54833984375,2310765
TECHM.NS,2022-10-12,929.2684531371817,939.4112921015823,920.416543461696,936.7373046875,2192421
TECHM.NS,2022-10-13,939.4574283898532,941.4399149731688,924.88863390955,934.0172119140625,1344162
TECHM.NS,2022-10-14,954.3489334811638,968.0878923298633,936.8755770181347,940.3794555664062,3492929
TECHM.NS,2022-10-17,939.595823853225,947.8483623662614,928.9458530035399,943.5146484375,1426207
TECHM.NS,2022-10-18,948.2633478558282,953.3808041012386,934.9854258061233,939.9646606445312,2395805
TECHM.NS,2022-10-19,944.6672670772526,949.7386872518987,937.1062293792377,939.7802734375,1304927
TECHM.NS,2022-10-20,931.2971556850264,962.0945296816867,928.5309265097244,960.4808959960938,1852905
TECHM.NS,2022-10-21,960.4808746114,962.9704357904816,950.7529238715819,960.0198364257812,1202009
TECHM.NS,2022-10-24,969.1021991639147,969.2405331216657,963.5697413190209,966.4743041992188,231316
TECHM.NS,2022-10-25,971.3152448994939,1001.3749112523456,969.1022391585775,998.1476440429688,3097049
TECHM.NS,2022-10-27,1008.1061077770566,1012.4398215527943,983.993788968883,992.0158081054688,2342818
TECHM.NS,2022-10-28,996.7646310402957,996.7646310402957,963.6160280655033,967.2120361328125,1542568
TECHM.NS,2022-10-31,971.1769737531615,994.2750327261189,970.9464546518672,980.5360717773438,2629847
TECHM.NS,2022-11-01,985.6996315206992,995.8424715082836,965.5522855115366,987.4515991210938,4709472
TECHM.NS,2022-11-02,987.5438053039438,1013.0852760667888,983.2561276152235,997.6866455078125,4104485
TECHM.NS,2022-11-03,986.6217380814049,987.6821484423755,968.3185442370394,970.80810546875,3460133
TECHM.NS,2022-11-04,970.9464652208231,976.2945534523294,957.8068763040171,971.5458374023438,2531080
TECHM.NS,2022-11-07,976.4326806225848,984.6853312771002,963.0625738924608,971.4074096679688,2588984
TECHM.NS,2022-11-09,982.1956832176156,984.0249416927835,961.6043295520443,965.0283203125,2697639
TECHM.NS,2022-11-10,952.1763265717465,970.0003169213654,943.0298052081263,957.8987426757812,3285774
TECHM.NS,2022-11-11,984.0718775330427,1000.0196581984972,981.4451384410721,993.1714477539062,5299457
TECHM.NS,2022-11-14,996.2672231320698,1007.946581213175,990.1225913454638,999.4098510742188,2229790
TECHM.NS,2022-11-15,999.0815082374439,1004.241084101581,985.0099376988884,1000.9107666015625,1577944
TECHM.NS,2022-11-16,1000.0197114639227,1008.4626546188714,993.4529778989627,1000.8170776367188,2335937
TECHM.NS,2022-11-17,994.3910899458258,996.1265609262725,982.4772047684111,993.0308837890625,2089630
TECHM.NS,2022-11-18,994.3911103675135,999.0816344730207,981.2576428720936,995.1884765625,1617331
TECHM.NS,2022-11-21,989.7942408167042,992.4209797686642,973.5650983016318,978.0679321289062,1475958
TECHM.NS,2022-11-22,978.0679621439771,987.7304866051406,971.9234449118471,985.6197509765625,1696991
TECHM.NS,2022-11-23,990.5916383042588,993.1245897699525,976.8953322257125,979.4282836914062,1704144
TECHM.NS,2022-11-24,984.3532632883047,1004.7100885577667,981.2574721115069,1003.1153564453125,2208145
TECHM.NS,2022-11-25,1003.7719770914889,1015.8735499986216,994.3909305766151,1013.2937622070312,1943246
TECHM.NS,2022-11-28,1008.4625216813067,1023.47219642261,1005.0853677674596,1010.5263061523438,1749691
TECHM.NS,2022-11-29,1009.4945821529453,1018.2658393887118,1006.3989049304835,1008.0405883789062,1233868
TECHM.NS,2022-11-30,1008.22813139254,1015.0293911762999,997.392975172514,1010.3388671875,3909954
TECHM.NS,2022-12-01,1023.8474316211706,1039.372994774426,1020.7985915274064,1033.322265625,4264917
TECHM.NS,2022-12-02,1033.3224308127699,1047.2064275728478,1031.962224667076,1045.7523193359375,3418928
TECHM.NS,2022-12-05,1050.6772846101387,1050.6772846101387,1028.3972975480933,1031.6806640625,2760688
TECHM.NS,2022-12-06,1021.5960834468492,1028.3035553825293,1013.2000916523332,1021.4085083007812,1838107
TECHM.NS,2022-12-07,1018.7818008407739,1020.0013828723561,1007.7121185248197,1011.3239135742188,1478573
TECHM.NS,2022-12-08,1011.3707513181745,1015.4046477215595,1004.0536026641378,1007.665283203125,1110431
TECHM.NS,2022-12-09,1007.4775039342484,1009.1191871709402,966.4354230169512,971.2198486328125,3138360
TECHM.NS,2022-12-12,970.0003174466877,979.7566298094479,958.5554279750497,968.2178955078125,1689393
TECHM.NS,2022-12-13,975.4881695068299,982.6177424708964,966.3885995350882,981.0230102539062,1983827
TECHM.NS,2022-12-14,985.9480396029982,1001.942770542318,985.9480396029982,999.17529296875,1983937
TECHM.NS,2022-12-15,994.3909947617484,994.3909947617484,957.1013324581828,959.4465942382812,5184673
TECHM.NS,2022-12-16,952.1762528276145,969.531189455507,948.4238340972594,957.6172485351562,2994364
TECHM.NS,2022-12-19,956.8198891796266,964.465408042016,947.2512098985272,963.1520385742188,1529622
TECHM.NS,2022-12-20,961.557352510266,961.557352510266,941.8571530929826,954.9437255859375,2149130
TECHM.NS,2022-12-21,961.0882503299664,966.7638294833422,957.1013054164453,962.5423583984375,2037666
TECHM.NS,2022-12-22,966.2478371678005,970.9383606491975,949.924792549592,952.9736328125,1925482
TECHM.NS,2022-12-23,942.8421605100755,952.6453665259971,931.5380098082867,934.1177978515625,1504806
TECHM.NS,2022-12-26,938.4329946989586,944.2023613898309,931.5379481968228,939.0427856445312,966423
TECHM.NS,2022-12-27,947.204337242275,949.9248065471526,931.7256095255788,947.0635986328125,1615647
TECHM.NS,2022-12-28,943.0766796773028,956.3039908097167,940.1685778985641,953.3489379882812,1077963
TECHM.NS,2022-12-29,947.4857853207077,952.832993778447,944.6714711068838,950.4877319335938,1977329
TECHM.NS,2022-12-30,959.4466272822579,964.0433634325125,952.1763155135583,953.4896850585938,1317151
TECHM.NS,2023-01-02,954.8968262569246,958.6022941294344,942.982884750833,947.0167236328125,1348611
TECHM.NS,2023-01-03,950.3001206812544,961.3698026411872,945.6564906736379,960.431640625,1439615
TECHM.NS,2023-01-04,960.4316822277705,965.638152413256,949.4558446227041,957.1483154296875,1702044
TECHM.NS,2023-01-05,957.8048862995882,961.510354010721,942.3261589499866,949.0336303710938,1376035
TECHM.NS,2023-01-06,947.0166595057201,949.033607438817,924.0330952086521,925.1119384765625,2346808
TECHM.NS,2023-01-09,936.1816272506005,957.8049298370744,933.7894716393079,952.4108276367188,2190779
TECHM.NS,2023-01-10,950.3001206275995,951.2851191728273,937.2135477913722,940.5907592773438,1411099
TECHM.NS,2023-01-11,946.0316997396736,954.0055897197914,941.1535438297753,944.0616455078125,1294200
TECHM.NS,2023-01-12,947.4857732414875,950.7691397824234,935.5718317700466,939.5587768554688,1948321
TECHM.NS,2023-01-13,942.2792780774155,946.5476430141625,925.2526548566223,941.0597534179688,2837817
TECHM.NS,2023-01-16,945.7972315948409,971.6420063117358,941.1536015759102,970.4224243164062,4286551
TECHM.NS,2023-01-17,970.000356857701,985.010033559561,967.0922548996647,981.3045654296875,2466876
TECHM.NS,2023-01-18,981.3045249399474,986.4171500496676,978.9123120083958,983.4620971679688,1138627
TECHM.NS,2023-01-19,979.2875059274901,988.7623403658099,975.7226623100316,988.105712890625,1768051
TECHM.NS,2023-01-20,987.355252050408,992.0457758131178,977.3644135328881,981.7266235351562,1160517
TECHM.NS,2023-01-23,988.2934156000649,1003.3968801116016,982.4302605478576,999.3630981445312,1344952
TECHM.NS,2023-01-24,1003.7719989669746,1010.6202088779686,999.3629528147875,1004.3348388671875,1578750
TECHM.NS,2023-01-25,999.0814718719186,1001.6143086707723,984.0717971771292,986.0887451171875,1049973
TECHM.NS,2023-01-27,985.9480868757643,992.1865063322076,958.273996901611,966.3416748046875,1651820
TECHM.NS,2023-01-30,966.3415868865255,983.0867321563223,955.3658081758297,971.97021484375,2654212
TECHM.NS,2023-01-31,961.5573781581935,965.1690585780834,934.3992339284953,952.1763305664062,5797831
TECHM.NS,2023-02-01,955.0375569436721,970.4693919795482,941.2005114804548,960.384765625,1939670
TECHM.NS,2023-02-02,963.7150202541585,979.6158493795384,948.5176551508247,953.7241821289062,3860090
TECHM.NS,2023-02-03,961.0413035454523,963.3397287440285,940.9190037575278,948.7052612304688,2980262
TECHM.NS,2023-02-06,943.7333871874677,953.4896995802266,935.2904443597467,943.1235961914062,2003960
TECHM.NS,2023-02-07,942.7952929166889,946.0317658214592,935.2904547641182,940.4031372070312,1697633
TECHM.NS,2023-02-08,945.1405038610525,957.9456561711494,942.1854510949169,948.4707641601562,2611176
TECHM.NS,2023-02-09,948.4708108813136,954.7092304694041,940.5438141682677,953.1144409179688,1782899
TECHM.NS,2023-02-10,948.939863191725,958.3678046246007,941.9509712438919,954.380859375,1116554
TECHM.NS,2023-02-13,952.1763215861713,954.8030034356246,938.5738027063688,940.4500122070312,1682312
TECHM.NS,2023-02-14,943.7802461674876,962.2139696404237,943.4988262017497,949.4088745117188,2440189
TECHM.NS,2023-02-15,952.0825309932108,1008.462603406279,945.891005306248,1005.08544921875,6712218
TECHM.NS,2023-02-16,1008.4626776432206,1070.424546573152,1007.571523873528,1060.29296875,14422445
TECHM.NS,2023-02-17,1039.513753778856,1068.5012107576683,1039.513753778856,1059.3077392578125,5333732
TECHM.NS,2023-02-20,1059.5893006998826,1085.2464423601416,1050.6773056962095,1073.37939453125,4590531
TECHM.NS,2023-02-21,1075.0680660519374,1080.6497436256295,1061.0434455511358,1064.23291015625,3494288
TECHM.NS,2023-02-22,1052.5534724814227,1064.0452550463938,1048.8010536846975,1056.0244140625,2674708
TECHM.NS,2023-02-23,1057.2441048195494,1078.35146272411,1054.4767414779608,1058.9327392578125,2576193
TECHM.NS,2023-02-24,1066.6251439971516,1070.3775631492963,1046.9249434483913,1049.7392578125,1913493
TECHM.NS,2023-02-27,1040.3582579455017,1049.0357276353086,1028.9602613418863,1045.0018310546875,2247105
TECHM.NS,2023-02-28,1048.801016015536,1065.2178476615754,1028.8662918739171,1032.149658203125,3894204
TECHM.NS,2023-03-01,1032.1496348127323,1059.1201433343101,1029.1007947189887,1057.150146484375,2084324
TECHM.NS,2023-03-02,1050.6772647187775,1054.4296835213445,1036.605694209151,1041.108642578125,1838692
TECHM.NS,2023-03-03,1048.8011554916905,1050.3021002531302,1015.4514843926532,1017.9844360351562,2388401
TECHM.NS,2023-03-06,1024.4103741563256,1028.1627931092792,1017.843640988657,1022.5811157226562,2076844
TECHM.NS,2023-03-08,1013.1530818026149,1021.0331842306932,1003.3967699637909,1011.558349609375,2230530
TECHM.NS,2023-03-09,1015.0292948021079,1016.2957132558918,991.9049908299631,994.3909912109375,2550755
TECHM.NS,2023-03-10,980.3195176770465,997.1584530599547,976.614049516606,995.563720703125,1400844
TECHM.NS,2023-03-13,1055.3678016685885,1092.610512952688,1055.3678016685885,1063.6231689453125,13080169
TECHM.NS,2023-03-14,1058.1821954880502,1067.7977695161997,1030.41431680727,1046.268310546875,4325522
TECHM.NS,2023-03-15,1055.2740500127657,1062.1221459389133,1041.812269831861,1045.4239501953125,2583351
TECHM.NS,2023-03-16,1037.5436773093268,1053.1161906119296,1032.9001053912718,1048.56640625,2396839
TECHM.NS,2023-03-17,1053.8199218575705,1062.4036030100026,1045.2362407051382,1057.384765625,2507004
TECHM.NS,2023-03-20,1066.4375118155324,1066.4375118155324,1028.162792704576,1040.358154296875,4007438
TECHM.NS,2023-03-21,1036.5587779561745,1041.1555140465368,1019.2038404118528,1027.83447265625,3354949
TECHM.NS,2023-03-22,1029.1008676472923,1037.825287262776,1025.8644522012419,1031.5399169921875,1750203
TECHM.NS,2023-03-23,1019.8135997426099,1043.1724297505832,1019.8135997426099,1031.399169921875,1720354
TECHM.NS,2023-03-24,1036.605894602231,1048.8012580681395,1028.772741740541,1033.74462890625,1943460
TECHM.NS,2023-03-27,1022.6279185599667,1044.7203302235357,1022.6279185599667,1034.7294921875,1455300
TECHM.NS,2023-03-28,1030.9770874957715,1036.2304510259237,1000.2072068674372,1004.0535278320312,2431154
TECHM.NS,2023-03-29,1009.1191483990481,1020.095041754347,999.1752617932349,1014.1849365234375,1642278
TECHM.NS,2023-03-31,1027.2246405110368,1037.5437921508737,1023.8943230395598,1033.650634765625,2281085
TECHM.NS,2023-04-03,1036.2304838105874,1036.605748613486,1017.9374411879966,1034.9171142578125,1508662
TECHM.NS,2023-04-05,1033.7913293462564,1045.9866898557857,1030.6017506177413,1035.198486328125,1947605
TECHM.NS,2023-04-06,1035.667692604667,1036.5588463530937,1015.9674919301218,1025.114013671875,1355815
TECHM.NS,2023-04-10,1028.4910665154725,1042.9379018205207,1023.3314906575794,1038.7164306640625,940829
TECHM.NS,2023-04-11,1039.4200810415718,1047.8630239381189,1024.7856695905054,1030.2735595703125,1384483
TECHM.NS,2023-04-12,1034.7294474742973,1044.579546475639,1023.2846163452967,1041.202392578125,1376719
TECHM.NS,2023-04-13,1032.1497278309873,1032.1497278309873,1009.4006881582753,1019.5791015625,2725180
TECHM.NS,2023-04-17,970.9384024604882,973.7527166705186,939.9809461501537,966.200927734375,4349422
TECHM.NS,2023-04-18,970.7508312019419,973.5181943803123,948.4238925738334,961.7449340820312,2735592
TECHM.NS,2023-04-19,961.7449856411426,965.30982965178,947.4858386280833,951.1444702148438,1953837
TECHM.NS,2023-04-20,952.2700460247289,960.4315682629924,947.5326288011113,958.5553588867188,1250758
TECHM.NS,2023-04-21,951.5196464705379,956.4915902463008,932.3353926800071,936.93212890625,4269272
TECHM.NS,2023-04-24,939.9809419373108,945.0936241807591,929.6617898801148,943.8271484375,1625433
TECHM.NS,2023-04-25,943.7333477483231,943.827135317319,932.8513559058622,935.2904052734375,1984203
TECHM.NS,2023-04-26,935.2904127876955,940.4499887860228,931.2565739132042,934.6337280273438,1589700
TECHM.NS,2023-04-27,937.1665960070846,946.2193292718616,931.5379678028379,941.0597534179688,3543950
TECHM.NS,2023-04-28,921.1718983201861,963.1520253261485,920.3275812085919,960.3377685546875,5146250
TECHM.NS,2023-05-02,957.2420466572081,999.8320224006519,957.2420466572081,988.246337890625,4762884
TECHM.NS,2023-05-03,975.5350782837214,985.7134911446769,973.9871826609192,975.2536010742188,2217136
TECHM.NS,2023-05-04,969.0621583648265,982.2425752501256,965.1690009437634,980.7415161132812,1744298
TECHM.NS,2023-05-05,981.2575525703844,985.6665990179125,967.70198495884,972.2517700195312,1222282
TECHM.NS,2023-05-08,976.5200711591938,982.1956505715432,971.219871055865,978.7715454101562,1487285
TECHM.NS,2023-05-09,983.5090679888091,986.370218840734,975.488226365014,982.9462280273438,1747630
TECHM.NS,2023-05-10,983.1337251858533,985.9480392846679,973.8934167976927,981.3982543945312,1186977
TECHM.NS,2023-05-11,989.7004846216317,993.2653283816139,978.3962768823809,979.4282836914062,1451786
TECHM.NS,2023-05-12,979.4283042614248,988.2933482906948,970.047256816805,981.5858764648438,1140016
TECHM.NS,2023-05-15,981.2575649881526,1003.6782913358584,977.5051460015821,998.5655517578125,2122222
TECHM.NS,2023-05-16,1003.6783428645869,1005.460764877665,987.8243489294368,991.7643432617188,1343911
TECHM.NS,2023-05-17,992.5147563046306,1000.3948585581999,974.6907672972696,988.903076171875,2803566
TECHM.NS,2023-05-18,993.4528067326663,994.343960328472,980.3662929031264,983.790283203125,909923
TECHM.NS,2023-05-19,991.1546508390221,1011.980531143328,984.0719139460961,1005.7890625,2624323
TECHM.NS,2023-05-22,1005.64815055925,1041.718227317729,1003.865728881993,1036.089599609375,2996190
TECHM.NS,2023-05-23,1035.6677108407841,1049.9268581551569,1019.1570890781559,1023.0032958984375,1414119
TECHM.NS,2023-05-24,1018.0780195112521,1035.057689907689,1017.8434933607083,1030.742431640625,1782245
TECHM.NS,2023-05-25,1029.1007982204703,1031.9151121627322,1014.6071272237119,1030.1326904296875,1200289
TECHM.NS,2023-05-26,1030.9771688272665,1051.0526343261242,1030.9771688272665,1045.7523193359375,2104054
TECHM.NS,2023-05-29,1058.2291703863145,1058.2291703863145,1041.3901204388526,1045.095703125,1432241
TECHM.NS,2023-05-30,1045.9868229857148,1051.4278764806857,1027.2247275061504,1030.414306640625,2822485
TECHM.NS,2023-05-31,1030.414167935886,1057.666039242715,1028.162693878462,1046.502685546875,7599886
TECHM.NS,2023-06-01,1052.5535363467388,1066.343630455546,1048.4258525169407,1051.4278564453125,1412280
TECHM.NS,2023-06-02,1058.1821855162284,1068.688913183542,1048.425872959584,1053.58544921875,1907589
TECHM.NS,2023-06-05,1054.5234453641087,1064.326707955512,1038.9509306162827,1040.6864013671875,1754521
TECHM.NS,2023-06-06,1031.915175039557,1033.7913844487198,1005.2261420001095,1019.0162353515625,3284841
TECHM.NS,2023-06-07,1027.2247201250805,1030.9771391940305,1017.0931428330185,1027.88134765625,2086377
TECHM.NS,2023-06-08,1032.8533654509013,1033.3224178421142,1002.8340124132728,1004.99169921875,4054486
TECHM.NS,2023-06-09,1012.2149826273301,1012.2149826273301,994.484780695971,997.2522583007812,2782697
TECHM.NS,2023-06-12,1000.0194901339701,1012.2148497697502,996.4078103755485,1008.2279052734375,1767945
TECHM.NS,2023-06-13,1012.731009608893,1020.5641612210259,1008.8378520667139,1012.5902709960938,1846534
TECHM.NS,2023-06-14,1013.152963190068,1017.7965351321341,1004.7569728658166,1010.9014892578125,1321534
TECHM.NS,2023-06-15,1012.1680288879313,1016.4364511152136,1003.162246594103,1014.5602416992188,1389325
TECHM.NS,2023-06-16,1016.436411387624,1019.6728266978254,1005.1322042921879,1010.5263061523438,4392418
TECHM.NS,2023-06-19,1012.2150699018872,1027.975276203014,1007.571496990441,1025.911376953125,2188899
TECHM.NS,2023-06-20,1025.9113620403639,1042.187457031313,1020.8455733375854,1038.810302734375,3318866
TECHM.NS,2023-06-21,1038.810115380186,1051.3807400377646,1035.761275402383,1050.5833740234375,1985965
TECHM.NS,2023-06-22,1047.7691847613787,1056.5404409911885,1041.6715040808524,1049.7861328125,2360795
TECHM.NS,2023-06-23,1045.0486534730783,1048.8010723365362,1026.3335101974753,1046.455810546875,3492348
TECHM.NS,2023-06-26,1043.3600980787573,1056.305989942566,1039.701581022013,1043.0787353515625,1432154
TECHM.NS,2023-06-27,1040.3581987056643,1051.615456040622,1038.2005119105668,1050.3958740234375,1227245
TECHM.NS,2023-06-28,1050.677262765139,1057.1970446165826,1036.3242150661144,1039.5137939453125,1876800
TECHM.NS,2023-06-30,1045.6584620436875,1062.4036086008055,1041.8590920745842,1060.855712890625,2478834
TECHM.NS,2023-07-03,1065.6869448491866,1066.531261986609,1046.0805336123067,1052.0374755859375,1899656
TECHM.NS,2023-07-04,1054.0075993690289,1084.449051594485,1050.7710693902904,1076.9442138671875,2773593
TECHM.NS,2023-07-05,1079.570982350111,1111.607167661317,1075.5370861556682,1102.2730712890625,3732838
TECHM.NS,2023-07-06,1102.2730646382101,1110.716007260971,1090.0777030720003,1106.260009765625,2520085
TECHM.NS,2023-07-07,1097.5825632484725,1110.997507049628,1079.9930990938497,1084.4490966796875,2261102
TECHM.NS,2023-07-10,1088.154522272286,1088.154522272286,1065.3116952828207,1076.1468505859375,2088505
TECHM.NS,2023-07-11,1083.182602329844,1094.0176427816857,1074.2236567417426,1089.5616455078125,1212566
TECHM.NS,2023-07-12,1093.8300175672168,1096.644331506069,1082.0567584504608,1087.6385498046875,1274203
TECHM.NS,2023-07-13,1087.638631501849,1118.1270347961945,1082.103790770082,1102.507568359375,3215610
TECHM.NS,2023-07-14,1110.6690662129504,1155.7450449826583,1109.7779125117572,1152.6024169921875,6033106
TECHM.NS,2023-07-17,1159.4036620110758,1192.0965890417137,1145.0975648378426,1165.5013427734375,4880073
TECHM.NS,2023-07-18,1166.0642191287025,1180.5110553659886,1149.1783334132426,1170.3326416015625,2666872
TECHM.NS,2023-07-19,1177.3215833501854,1183.6068400211343,1154.9008545969805,1167.6590576171875,2293881
TECHM.NS,2023-07-20,1167.9403070838878,1177.7904060592941,1159.1221003362925,1175.398193359375,2000345
TECHM.NS,2023-07-21,1154.748684330006,1172.5102990375303,1136.9388880314607,1150.5128173828125,5032086
TECHM.NS,2023-07-24,1151.860460134221,1159.0324653033088,1112.1494329879306,1118.503173828125,2669308
TECHM.NS,2023-07-25,1120.5730927265727,1121.2469298824365,1102.2819511786302,1113.3529052734375,2557865
TECHM.NS,2023-07-26,1114.7970796662585,1123.4613056740275,1096.9391001660338,1100.5491943359375,3170213
TECHM.NS,2023-07-27,1069.550478387096,1083.028162183153,1041.9212736116096,1058.8646240234375,17594818
TECHM.NS,2023-07-28,1058.9607694529868,1058.9607694529868,1044.5685769109382,1050.3447265625,4244321
TECHM.NS,2023-07-31,1054.1473889318831,1077.2519892372395,1046.5902827518876,1073.882568359375,4766331
TECHM.NS,2023-08-01,1078.21451751749,1111.4273754231629,1078.1182718673517,1100.8377685546875,3805214
TECHM.NS,2023-08-02,1100.3565584622113,1109.5983748200972,1083.6057002107536,1102.90771484375,2357217
TECHM.NS,2023-08-03,1097.468600650002,1104.159261340514,1079.4663118387555,1100.1641845703125,2348236
TECHM.NS,2023-08-04,1110.8980262415773,1137.7571478371008,1100.164107934393,1131.355224609375,3580506
TECHM.NS,2023-08-07,1135.976020529552,1148.3465833515988,1128.3707338380495,1139.4898681640625,1694290
TECHM.NS,2023-08-08,1141.752226436273,1163.7978873639297,1131.2588645956612,1160.428466796875,5137402
TECHM.NS,2023-08-09,1161.920597240523,1190.3681814585136,1155.4224288419423,1182.185302734375,3396984
TECHM.NS,2023-08-10,1174.483882037292,1192.9675157973495,1170.2480150250894,1189.6944580078125,3715680
TECHM.NS,2023-08-11,1189.694279610266,1203.7013713310766,1169.959102584551,1174.9168701171875,2933959
TECHM.NS,2023-08-14,1166.8785492864195,1175.6390199770715,1158.1180785957674,1174.2431640625,1842625
TECHM.NS,2023-08-16,1175.446479397074,1192.774928724795,1174.4837877677562,1182.0408935546875,2341456
TECHM.NS,2023-08-17,1179.2973630830436,1187.865342938455,1169.2372815635836,1185.7955322265625,2636308
TECHM.NS,2023-08-18,1180.2117594093008,1180.2117594093008,1160.1878439705367,1165.6270751953125,1794430
TECHM.NS,2023-08-21,1160.0434529659476,1178.3345945479832,1159.417679882295,1173.376708984375,1175945
TECHM.NS,2023-08-22,1173.3766088602729,1177.3718024207594,1164.1347931948515,1167.9373779296875,1003208
TECHM.NS,2023-08-23,1167.9374176226588,1173.3766487380994,1154.4597350436882,1156.192626953125,1569035
TECHM.NS,2023-08-24,1161.1986125513642,1171.1143834787383,1152.0530419446663,1154.363525390625,1218843
TECHM.NS,2023-08-25,1145.603049920857,1152.53438271227,1134.483914488727,1145.1217041015625,1213340
TECHM.NS,2023-08-28,1145.1697946292084,1151.6679626729676,1138.19028080443,1140.548828125,950013
TECHM.NS,2023-08-29,1147.9136373387753,1162.8353590885665,1143.9184431735184,1153.3046875,1419344
TECHM.NS,2023-08-30,1162.8832361457307,1176.0239995926713,1149.983263107593,1152.5343017578125,2016339
TECHM.NS,2023-08-31,1154.2672843830633,1169.1890049067808,1153.3045927363717,1157.107177734375,2817747
TECHM.NS,2023-09-01,1160.043431105548,1184.0144765461298,1159.1289210501086,1182.2335205078125,1686038
TECHM.NS,2023-09-04,1188.9241285534677,1218.7675682175627,1179.8267399203548,1209.8626708984375,3466873
TECHM.NS,2023-09-05,1211.7881310257953,1219.3452370785312,1202.064968730908,1207.744873046875,2199985
TECHM.NS,2023-09-06,1207.7448047169562,1212.606326831316,1189.742401124389,1202.3536376953125,1753376
TECHM.NS,2023-09-07,1202.3535549165415,1227.287289368794,1192.4379025391056,1221.896240234375,2554884
TECHM.NS,2023-09-08,1224.5438276851748,1230.3199778157652,1212.0770173264139,1215.8314208984375,1731105
TECHM.NS,2023-09-11,1217.8048912594345,1227.4318073958727,1216.3608538389688,1221.51123046875,1293853
TECHM.NS,2023-09-12,1224.3513590983728,1235.9036595741577,1204.8568520454858,1218.7677001953125,2335224
TECHM.NS,2023-09-13,1213.2802191910318,1221.4149158606851,1207.118969708306,1213.37646484375,1204376
TECHM.NS,2023-09-14,1214.9169287591405,1241.2465233237242,1214.9169287591405,1232.1009521484375,3288631
TECHM.NS,2023-09-15,1230.5124560992012,1255.0610938939076,1226.469198057091,1251.54736328125,4316210
TECHM.NS,2023-09-18,1252.461909672515,1253.424601378643,1235.1334589622113,1241.6798095703125,1967717
TECHM.NS,2023-09-20,1234.1707673997016,1241.0540366025332,1221.7039568103244,1226.80615234375,2843560
TECHM.NS,2023-09-21,1228.346363943108,1247.6483785341109,1218.6713833692104,1243.460693359375,2960250
TECHM.NS,2023-09-22,1241.9204242297455,1270.752992469112,1236.0960926745,1256.6495361328125,3252940
TECHM.NS,2023-09-25,1256.6493860463893,1265.3617915439634,1247.6964251783772,1250.969482421875,2100302
TECHM.NS,2023-09-26,1251.4991905452487,1254.4354471910347,1231.4270924154878,1234.4595947265625,1141475
TECHM.NS,2023-09-27,1222.5701069756124,1245.6266404860517,1216.8421391655531,1240.572509765625,1568115
TECHM.NS,2023-09-28,1226.5172284451041,1226.5172284451041,1176.4090857643478,1183.6292724609375,6570797
TECHM.NS,2023-09-29,1178.3346263788064,1185.699241296889,1164.8569427437546,1177.179443359375,2861162
TECHM.NS,2023-10-03,1175.0613058608117,1184.7844672065073,1167.311709238398,1170.825439453125,1622290
TECHM.NS,2023-10-04,1164.8569153591804,1170.151719519904,1141.8004969748224,1160.04345703125,2340603
TECHM.NS,2023-10-05,1168.7076046383884,1178.2863390703085,1154.7485764116532,1160.6209716796875,2497613
TECHM.NS,2023-10-06,1161.9688407232734,1177.3719073774344,1160.0434573915034,1171.49951171875,1446719
TECHM.NS,2023-10-09,1158.3586346989725,1181.9445782270213,1157.299697472354,1167.407958984375,1451064
TECHM.NS,2023-10-10,1169.8627538169821,1185.5064918958008,1167.744879360428,1181.944580078125,1503359
TECHM.NS,2023-10-11,1184.2069635157638,1192.6786969588773,1176.4091847306647,1185.6510009765625,1622663
TECHM.NS,2023-10-12,1186.0361085766424,1186.0361085766424,1144.9292222744482,1154.026611328125,2452842
TECHM.NS,2023-10-13,1142.7149617764833,1158.0698462277942,1135.9761203843727,1149.550048828125,3266079
TECHM.NS,2023-10-16,1150.7052893318692,1153.5451824784273,1136.746261461277,1140.4044189453125,2638043
TECHM.NS,2023-10-17,1145.603000956401,1158.1179917231516,1144.1107819739398,1152.91943359375,1163897
TECHM.NS,2023-10-18,1155.2300255750215,1157.1554089509798,1134.0989900303084,1142.811279296875,2337078
TECHM.NS,2023-10-19,1126.8787842100835,1141.2227961169501,1124.2313821108053,1128.4190673828125,3107691
TECHM.NS,2023-10-20,1126.3492341383142,1132.125384056972,1105.5551179343595,1127.0230712890625,2962470
TECHM.NS,2023-10-23,1120.6693246975753,1127.263738987657,1108.5876150165811,1112.8233642578125,1203959
TECHM.NS,2023-10-25,1118.647612305166,1122.4021329581117,1094.098977095371,1099.5382080078125,1555285
TECHM.NS,2023-10-26,1059.0088728507264,1078.214522017745,1057.179735426235,1073.834228515625,7099401
TECHM.NS,2023-10-27,1078.1665536457135,1083.942704013063,1072.4867664640174,1078.7442626953125,1382498
TECHM.NS,2023-10-30,1078.7441096328598,1096.4094768299237,1073.8824700903908,1084.857177734375,2255915
TECHM.NS,2023-10-31,1084.8572008636224,1094.7247898847816,1073.9306745726742,1090.8740234375,1194765
TECHM.NS,2023-11-01,1088.7561124939357,1095.5431358693277,1078.166503974988,1083.1243896484375,1288497
TECHM.NS,2023-11-02,1094.7038829193048,1099.569233510057,1083.8055451092084,1085.459716796875,2493118
TECHM.NS,2023-11-03,1093.7309004018916,1105.4077427549366,1085.946338833195,1102.5858154296875,1108121
TECHM.NS,2023-11-06,1106.867289913005,1113.9707494845384,1103.8020951997273,1111.39208984375,572330
TECHM.NS,2023-11-07,1111.246004720477,1119.3225337040487,1105.942820424796,1118.0574951171875,902481
TECHM.NS,2023-11-08,1120.7334372723203,1121.803790577589,1106.4293549588056,1108.4727783203125,806162
TECHM.NS,2023-11-09,1109.299952060289,1110.2730221936752,1087.1139055058932,1093.68212890625,6042108
TECHM.NS,2023-11-10,1091.7846500191715,1109.056644259671,1091.2981149701434,1107.499755859375,706806
TECHM.NS,2023-11-13,1109.8837107502086,1111.3920168891068,1097.6230514848967,1100.8828125,435537
TECHM.NS,2023-11-15,1114.1653458632854,1147.1037473970582,1112.7057406066958,1142.14111328125,2816201
TECHM.NS,2023-11-16,1143.3573756176067,1182.2314788754165,1135.9620665616958,1174.690185546875,2294942
TECHM.NS,2023-11-17,1179.555572704475,1181.2584454444361,1165.738024270552,1170.360107421875,1176628
TECHM.NS,2023-11-20,1172.4522958377934,1189.5783074273909,1170.3601711724289,1179.16650390625,1077366
TECHM.NS,2023-11-21,1187.0968744907204,1188.2646299331402,1168.073424448013,1172.06298828125,1129326
TECHM.NS,2023-11-22,1172.5494807090442,1185.1993921191834,1171.576410600572,1182.66943359375,750622
TECHM.NS,2023-11-23,1182.280213208211,1188.0213507573399,1174.4469511136826,1178.2906494140625,651637
TECHM.NS,2023-11-24,1179.4095847272306,1182.2313928054518,1162.9159763461305,1165.5919189453125,884921
TECHM.NS,2023-11-28,1162.9160718899195,1176.4417702590877,1154.0611575908006,1170.01953125,910795
TECHM.NS,2023-11-29,1174.4957203947256,1201.3524339064759,1174.1551695845135,1188.7998046875,1898448
TECHM.NS,2023-11-30,1189.0917174547305,1195.2221068827862,1176.1498370101585,1188.0699462890625,2978406
TECHM.NS,2023-12-01,1193.7624744015213,1193.7624744015213,1178.9231550258717,1187.6807861328125,1017856
TECHM.NS,2023-12-04,1204.6608167869167,1215.5591546921546,1185.1994142540102,1190.9405517578125,1581599
TECHM.NS,2023-12-05,1191.037832296829,1193.2272400767865,1176.2957961551876,1187.7293701171875,1499843
TECHM.NS,2023-12-06,1190.064737619557,1213.4184201239475,1185.8319064222308,1192.2054443359375,2637916
TECHM.NS,2023-12-07,1192.9840484812487,1197.8493994130647,1187.2429106251097,1190.30810546875,1076885
TECHM.NS,2023-12-08,1196.8762384612028,1204.612098342946,1184.4695945259343,1192.3028564453125,2642571
TECHM.NS,2023-12-11,1197.849293599628,1207.0934595534836,1192.3028415405029,1200.08740234375,1558876
TECHM.NS,2023-12-12,1204.612038298712,1211.472229763572,1185.8318573319966,1193.1298828125,1114846
TECHM.NS,2023-12-13,1192.9840041813675,1200.719864362501,1164.8136708454144,1183.3505859375,3025706
TECHM.NS,2023-12-14,1201.741588807869,1235.6044762324052,1197.0222225193477,1230.6417236328125,5287733
TECHM.NS,2023-12-15,1235.799071757176,1289.1233626816208,1228.501045742862,1270.9268798828125,5900381
TECHM.NS,2023-12-18,1269.8565585234421,1297.151224018689,1251.8060595461818,1256.96337890625,2671348
TECHM.NS,2023-12-19,1264.9911722999022,1265.9155414126235,1235.0205647045298,1246.940673828125,1717860
TECHM.NS,2023-12-20,1256.2335391074241,1278.6141521201823,1204.8553886779894,1214.975341796875,2860865
TECHM.NS,2023-12-21,1198.8223910607148,1224.657450329312,1192.9839703250295,1216.4349365234375,3337533
TECHM.NS,2023-12-22,1226.0683882841986,1246.4055781639208,1209.0396606691404,1240.8104248046875,2297352
TECHM.NS,2023-12-26,1240.6643395862786,1254.0440530524054,1226.6035245841547,1247.475830078125,1720830
TECHM.NS,2023-12-27,1253.2170749425939,1256.7201037399773,1233.1231525083128,1245.67578125,1584695
TECHM.NS,2023-12-28,1250.395088918299,1254.2873693507295,1236.3342733693328,1251.3194580078125,2284964
TECHM.NS,2023-12-29,1251.3195699429236,1257.1579911138374,1233.9502907160513,1238.3778076171875,1187193
TECHM.NS,2024-01-01,1238.718228993795,1268.688835386016,1231.176935769363,1262.2178955078125,1776828
TECHM.NS,2024-01-02,1263.0449035571926,1264.1152568375128,1238.5721684566374,1243.6807861328125,1615064
TECHM.NS,2024-01-03,1230.9337545325056,1239.6913859876777,1206.6070004903613,1210.69384765625,2231707
TECHM.NS,2024-01-04,1216.434865641343,1220.9109641879497,1198.530352671949,1213.9049072265625,3355191
TECHM.NS,2024-01-05,1221.1057106800415,1237.599201610834,1212.0075288642922,1214.6834716796875,1756868
TECHM.NS,2024-01-08,1216.532232509433,1220.4732140604503,1188.5078839546688,1195.8544921875,1320667
TECHM.NS,2024-01-09,1207.1422129633363,1217.5053149560547,1199.4062340595747,1202.3741455078125,994439
TECHM.NS,2024-01-10,1203.2012556154655,1212.8832562166078,1195.2221277982512,1207.4827880859375,808638
TECHM.NS,2024-01-11,1207.482688482876,1227.8198769528062,1207.482688482876,1215.7537841796875,930492
TECHM.NS,2024-01-12,1237.550669795994,1276.424774948472,1232.8798855419966,1272.824462890625,5023455
TECHM.NS,2024-01-15,1299.0486596631565,1363.7578251070515,1297.9296052259522,1301.6273193359375,6012767
TECHM.NS,2024-01-16,1294.2805294278885,1296.323952902094,1275.2083790303473,1284.841796875,1883106
TECHM.NS,2024-01-17,1270.8295474285142,1298.5620452093049,1270.0997448553355,1291.020751953125,2313059
TECHM.NS,2024-01-18,1290.972089486964,1332.619538419922,1270.8295853789107,1318.656005859375,4533782
TECHM.NS,2024-01-19,1336.9009718983605,1360.205952195055,1318.5099241080827,1352.4700927734375,4463826
TECHM.NS,2024-01-23,1358.892433025233,1378.1592690625184,1320.2128954579198,1329.8463134765625,2683661
TECHM.NS,2024-01-24,1335.9766026794673,1372.5154339901262,1328.775978661873,1370.0340576171875,2008135
TECHM.NS,2024-01-25,1311.6986340276674,1319.8237464684971,1276.7168077327788,1286.447509765625,8424862
TECHM.NS,2024-01-29,1301.9678444305855,1301.9678444305855,1275.694950708892,1278.9547119140625,2495791
TECHM.NS,2024-01-30,1288.2960551568544,1304.8382461349056,1279.5871256551259,1282.3603515625,2293154
TECHM.NS,2024-01-31,1282.6036975183479,1300.0216763700198,1276.95996210928,1297.7349853515625,1798462
TECHM.NS,2024-02-01,1294.1832682291667,1300.362239775771,1274.4785981677826,1277.154541015625,2286420
TECHM.NS,2024-02-02,1287.8582639212934,1317.5369016618295,1287.4204298940472,1302.0650634765625,1838847
TECHM.NS,2024-02-05,1309.5577427377577,1316.6610829519568,1292.237048044457,1296.859130859375,953919
TECHM.NS,2024-02-06,1294.1832090960788,1325.7107035103515,1292.3343521836334,1314.6663818359375,2713529
TECHM.NS,2024-02-07,1315.104320057245,1322.1103776897528,1278.6628901112106,1282.5064697265625,2004588
TECHM.NS,2024-02-08,1290.29099007811,1293.8427198028687,1266.9373069997732,1273.9920654296875,2308756
TECHM.NS,2024-02-09,1281.5333721535005,1285.863486755787,1270.7808996119911,1275.74365234375,1085349
TECHM.NS,2024-02-12,1282.8956603077104,1295.1563199708246,1275.7922009719916,1283.284912109375,1149683
TECHM.NS,2024-02-13,1286.3499711081745,1298.8540169188357,1264.9911299275857,1292.6749267578125,1127361
TECHM.NS,2024-02-14,1274.721872962092,1284.4038732626216,1248.1084286076082,1258.0823974609375,3426103
TECHM.NS,2024-02-15,1269.5644961648165,1272.7756749680614,1256.768719535359,1265.3316650390625,1703763
TECHM.NS,2024-02-16,1269.9537917195455,1273.943355460807,1263.0450176139989,1267.4725341796875,1994659
TECHM.NS,2024-02-19,1267.8616101969972,1282.5063623792344,1252.7790239929925,1274.7218017578125,1496111
TECHM.NS,2024-02-20,1274.7218557016276,1288.0042865806095,1266.937294750778,1284.98779296875,2113200
TECHM.NS,2024-02-21,1284.4526046421554,1289.317955417315,1257.4012068190764,1261.6827392578125,1769508
TECHM.NS,2024-02-22,1271.802595637142,1294.6697425365091,1264.3585857622436,1292.3343505859375,2201424
TECHM.NS,2024-02-23,1302.843609048223,1306.395338747244,1280.8522480654117,1286.6419677734375,1660506
TECHM.NS,2024-02-26,1286.64201382307,1289.2206734931701,1260.125852070997,1263.288330078125,1196507
TECHM.NS,2024-02-27,1260.1258118633823,1269.9052141327318,1249.130071937794,1261.1475830078125,1488661
TECHM.NS,2024-02-28,1266.9373974895582,1270.878379303698,1236.7722213588543,1251.2222900390625,1289779
TECHM.NS,2024-02-29,1245.5298154480063,1250.589732810072,1230.203960296986,1239.54541015625,2251498
TECHM.NS,2024-03-01,1252.341277885502,1252.341277885502,1233.8529451117456,1237.5506591796875,1560034
TECHM.NS,2024-03-04,1241.2482577799428,1250.8816760075415,1235.8963719627188,1245.5784912109375,1843831
TECHM.NS,2024-03-05,1240.5670814255834,1245.432431875301,1225.192526491288,1238.231689453125,1420379
TECHM.NS,2024-03-06,1233.3663493830982,1240.0318557987125,1216.4349059189965,1236.7720947265625,2064350
TECHM.NS,2024-03-07,1240.664431024802,1258.2769768380492,1231.4689656962794,1253.4603271484375,2073691
TECHM.NS,2024-03-11,1253.4602676907698,1261.3908127283198,1241.1509072220167,1254.287353515625,1577732
TECHM.NS,2024-03-12,1260.1258992330058,1272.435260924195,1243.2917373902908,1257.4986572265625,1963068
TECHM.NS,2024-03-13,1257.4986304002946,1264.407404862764,1232.1988059361108,1242.80517578125,2001399
TECHM.NS,2024-03-14,1237.745239578625,1262.5098275585751,1224.1709584030411,1258.520263671875,2129097
TECHM.NS,2024-03-15,1258.1797376411657,1258.1797376411657,1234.3395183277794,1247.6705322265625,2499025
TECHM.NS,2024-03-18,1247.4759901852651,1252.779175235652,1233.9017084760835,1238.3778076171875,630807
TECHM.NS,2024-03-19,1235.7989710318302,1238.3776304366393,1215.2672166082882,1218.5269775390625,1243420
TECHM.NS,2024-03-20,1218.283874727652,1237.7452784772947,1213.4185237902411,1230.252685546875,1139621
TECHM.NS,2024-03-21,1240.6645164274141,1252.7791930158057,1236.4316847750235,1248.205810546875,1420041
TECHM.NS,2024-03-22,1224.6088296960381,1245.4325554434927,1202.8120337620946,1228.6470947265625,2990908
TECHM.NS,2024-03-26,1228.2577119808168,1237.355893498155,1217.3106735496153,1220.5704345703125,2144358
TECHM.NS,2024-03-27,1224.1221250242183,1229.1334595470075,1212.9805204455704,1220.0352783203125,2128854
TECHM.NS,2024-03-28,1226.0684507261283,1230.8851006979303,1208.5531871443263,1214.4888916015625,2436133
TECHM.NS,2024-04-01,1218.3811545232359,1227.1874872080862,1208.5531694142253,1211.0345458984375,1397037
TECHM.NS,2024-04-02,1210.499344148452,1218.2352048233452,1201.838995502047,1203.4932861328125,1320357
TECHM.NS,2024-04-03,1206.606962778062,1228.9875757973327,1206.606962778062,1221.3489990234375,1819093
TECHM.NS,2024-04-04,1226.0683273127565,1254.2873602429706,1213.3211327457022,1244.7999267578125,2460669
TECHM.NS,2024-04-05,1240.6644208525154,1241.588789966627,1226.262935356096,1229.3768310546875,1184658
TECHM.NS,2024-04-08,1235.7990783385237,1235.7990783385237,1222.2733796300345,1231.0797119140625,686932
TECHM.NS,2024-04-09,1231.030964075491,1246.502802476406,1209.2828710207289,1217.699951171875,1198161
TECHM.NS,2024-04-10,1226.5061752865713,1239.1560867439057,1218.2837803524933,1232.19873046875,1994380
TECHM.NS,2024-04-12,1230.885019447601,1235.5558036076245,1204.6608268290915,1208.650390625,2887322
TECHM.NS,2024-04-15,1201.7415885416667,1207.2394584320753,1178.387905849359,1185.92919921875,2153147
TECHM.NS,2024-04-16,1172.549487576248,1180.4800327633375,1158.9265059778518,1163.5972900390625,2085459
TECHM.NS,2024-04-18,1167.2463214842276,1175.3227322901876,1144.3791734384442,1147.8822021484375,3242357
TECHM.NS,2024-04-19,1131.729206205204,1172.4034643566224,1131.6318041706443,1161.505126953125,2572144
TECHM.NS,2024-04-22,1163.8891963555548,1183.93441792486,1162.9161261941033,1175.5174560546875,1364143
TECHM.NS,2024-04-23,1185.1994860283014,1185.1994860283014,1166.5165859784863,1167.927490234375,1460983
TECHM.NS,2024-04-24,1175.419974669903,1175.419974669903,1149.6823181500247,1153.7691650390625,1375843
TECHM.NS,2024-04-25,1153.0880424016643,1161.4078390815473,1141.2166349635434,1158.245361328125,3357065
TECHM.NS,2024-04-26,1216.3377092497556,1310.7255154875365,1207.5800777431573,1244.3134765625,20431926
TECHM.NS,2024-04-29,1255.2604949859547,1275.6949681601448,1250.3951442301952,1253.6063232421875,4120529
TECHM.NS,2024-04-30,1253.6063080633116,1256.3308331837616,1226.1170766261146,1229.47412109375,2613213
TECHM.NS,2024-05-02,1229.1820402465892,1240.0317950659762,1219.7433082701696,1232.782470703125,2124221
TECHM.NS,2024-05-03,1235.7990815024982,1237.7452217883288,1209.57488866412,1216.7755126953125,2322455
TECHM.NS,2024-05-06,1224.122142650463,1231.6147346431653,1211.569515046341,1228.2576904296875,1363667
TECHM.NS,2024-05-07,1233.852892635357,1259.9312189518796,1223.051838230869,1257.6444091796875,2350444
TECHM.NS,2024-05-08,1259.152677048429,1264.9910974984218,1245.8702467681019,1252.3411865234375,1332284
TECHM.NS,2024-05-09,1247.4759689036669,1251.2709663566159,1227.430746982092,1234.92333984375,2420777
TECHM.NS,2024-05-10,1231.9067419131075,1238.9127990932639,1214.6347477038203,1230.349853515625,1322206
TECHM.NS,2024-05-13,1230.349923521692,1232.2473628042476,1216.3863906018962,1228.063232421875,593453
TECHM.NS,2024-05-14,1229.911993007644,1249.4220974158418,1220.3272755963692,1241.1510009765625,1386032
TECHM.NS,2024-05-15,1240.664391500803,1248.4002513699131,1230.9336903909928,1240.1778564453125,1008105
TECHM.NS,2024-05-16,1252.3412787223863,1277.2518507197094,1246.7948263997437,1272.72705078125,4868225
TECHM.NS,2024-05-17,1273.8461617986911,1284.4526506248412,1262.85053992298,1270.245849609375,1925387
TECHM.NS,2024-05-21,1271.8026497712528,1291.2640522161075,1268.9807226601542,1288.24755859375,1453689
TECHM.NS,2024-05-22,1294.1832579615232,1299.4378603594653,1275.7436267240578,1294.572509765625,1411627
TECHM.NS,2024-05-23,1300.0215960864487,1307.757455526022,1289.4151087090902,1301.481201171875,1440740
TECHM.NS,2024-05-24,1301.481249473576,1308.7792751715588,1282.5063826588212,1286.1553955078125,1288301
TECHM.NS,2024-05-27,1287.371834796641,1306.6386716741363,1282.749751489548,1293.891357421875,980450
TECHM.NS,2024-05-28,1293.2101462142655,1294.5237670757222,1275.9868531796787,1279.6844482421875,1608944
TECHM.NS,2024-05-29,1278.6141600618982,1278.6141600618982,1249.519339208004,1251.8060302734375,1405567
TECHM.NS,2024-05-30,1245.578503502015,1253.0710962068729,1202.0821961612148,1207.43408203125,2610479
TECHM.NS,2024-05-31,1212.3966467158948,1221.446246182477,1191.0865064971845,1195.367919921875,4649449
TECHM.NS,2024-06-03,1221.2030167497117,1227.8199411664061,1203.2499203114817,1211.8128662109375,1091287
TECHM.NS,2024-06-04,1211.81290655035,1219.9380186736778,1161.505226519583,1205.9259033203125,2471911
TECHM.NS,2024-06-05,1226.0682635982557,1250.3463138444163,1203.4443849247166,1232.782470703125,2709585
TECHM.NS,2024-06-06,1250.3951132957457,1287.955596444377,1239.885908410109,1281.97119140625,3205121
TECHM.NS,2024-06-07,1294.1832298816364,1343.80980486206,1291.2640195886702,1340.5013427734375,5790599
TECHM.NS,2024-06-10,1340.5013787109679,1340.8906305170597,1299.1945994712917,1304.2545166015625,2532308
TECHM.NS,2024-06-11,1312.5743797451019,1323.2294506232467,1305.0330859064845,1313.1094970703125,1465705
TECHM.NS,2024-06-12,1328.0460841779227,1343.8097718596127,1320.6020743570814,1333.6898193359375,2786009
TECHM.NS,2024-06-13,1342.8367245026004,1359.2329317662013,1338.3119248264868,1351.545654296875,1953367
TECHM.NS,2024-06-14,1357.4329407655669,1358.1627434218924,1327.3650475683562,1334.51708984375,1733356
TECHM.NS,2024-06-18,1343.2745920195407,1353.9783632788112,1333.2520411101893,1334.419677734375,950760
TECHM.NS,2024-06-19,1339.9175458206685,1349.5995459334167,1324.348424010116,1343.955810546875,1313197
TECHM.NS,2024-06-20,1348.675210157484,1361.325121941068,1334.5169921480517,1355.583984375,1987190
TECHM.NS,2024-06-21,1370.0827653782164,1401.5129786028535,1348.7239231896658,1362.1036376953125,6836535
TECHM.NS,2024-06-24,1352.5675192458655,1371.0558522427514,1343.8098878262879,1363.952392578125,1111433
TECHM.NS,2024-06-25,1361.1304504636332,1393.4363290141832,1357.1894691986954,1389.30078125,2201375
TECHM.NS,2024-06-26,1394.2149616791176,1396.1611019836485,1372.0289146942744,1374.996826171875,1565878
TECHM.NS,2024-06-27,1366.531007237034,1404.918694964752,1354.5136149415255,1393.6796875,4286657
TECHM.NS,2024-06-28,1402.194030993323,1413.870872334003,1388.2304986466877,1391.830810546875,2222285
TECHM.NS,2024-07-01,1391.8308642371535,1438.684215680608,1385.7978768249336,1432.45654296875,3837301
TECHM.NS,2024-07-02,1440.143703244144,1457.658964499816,1430.4130025465486,1432.505126953125,2092643
TECHM.NS,2024-07-03,1440.0952063250752,1445.0092583869923,1421.6555734029603,1439.9493408203125,896602
TECHM.NS,2024-07-04,1442.0899760627915,1451.8206776556578,1414.1629100044563,1419.8553466796875,1322999
TECHM.NS,2024-07-05,1427.4939640621185,1430.4131746225728,1410.9030698636775,1421.99609375,1334838
TECHM.NS,2024-07-08,1421.995948671618,1439.1219584557477,1420.8283120797566,1428.07763671875,807698
TECHM.NS,2024-07-09,1426.5208554307735,1429.8293177333887,1415.8170836642398,1426.277587890625,1049695
TECHM.NS,2024-07-10,1432.4565022357858,1433.137722590683,1402.680580271732,1423.942138671875,802718
TECHM.NS,2024-07-11,1436.2514160398855,1436.2514160398855,1402.4372312787839,1421.26611328125,1408434
TECHM.NS,2024-07-12,1435.2784813822605,1471.0875106682429,1421.7042002071246,1464.519287109375,4372156
TECHM.NS,2024-07-15,1479.1638405412543,1486.3645830635905,1451.8205943900996,1458.6807861328125,2374623
TECHM.NS,2024-07-16,1462.8649689612125,1478.0935403853725,1448.9987194875512,1475.368896484375,1794159
TECHM.NS,2024-07-18,1466.4167122971558,1504.0744794925913,1464.4705720021364,1497.8955078125,2752497
TECHM.NS,2024-07-19,1524.3082986612126,1526.2408908284904,1473.2667659037013,1478.1231689453125,2504915
TECHM.NS,2024-07-22,1466.7749852268046,1492.444439722363,1462.959283298023,1482.2362060546875,2225781
TECHM.NS,2024-07-23,1477.726687975159,1489.3224828072755,1447.0026589159838,1480.1053466796875,1640492
TECHM.NS,2024-07-24,1480.1053241960683,1526.2904526576901,1460.2833702654489,1519.650146484375,2561617
TECHM.NS,2024-07-25,1511.4240279852177,1533.773330038377,1491.5029879442325,1516.3795166015625,3283912
TECHM.NS,2024-07-26,1516.3794127270744,1530.8990175750703,1431.3927887784819,1527.43017578125,7133745
TECHM.NS,2024-07-29,1531.8902060133464,1540.859567735892,1496.6071515876943,1511.7708740234375,1755979
TECHM.NS,2024-07-30,1506.4684271204424,1538.1339486260142,1506.4684271204424,1524.3577880859375,1622543
TECHM.NS,2024-07-31,1524.3082297331205,1547.8467996005857,1521.3349366972302,1540.562255859375,2398955
TECHM.NS,2024-08-01,1540.5623004419776,1555.0323027720067,1523.911810565699,1530.7008056640625,1315921
TECHM.NS,2024-08-02,1511.9195415574252,1519.8979264369623,1488.9261233077132,1494.2779541015625,2894949
TECHM.NS,2024-08-05,1456.9136398310907,1471.0367822580247,1414.048663693203,1443.3851318359375,2186582
TECHM.NS,2024-08-06,1452.453663109149,1489.6198264435695,1452.453663109149,1470.1943359375,1665788
TECHM.NS,2024-08-07,1487.4394542784457,1501.760767435536,1457.904694867298,1460.5311279296875,3002937
TECHM.NS,2024-08-08,1456.9135867521263,1474.9020338056844,1448.9848053276248,1453.3951416015625,2333194
TECHM.NS,2024-08-09,1471.7304901289094,1495.8142127781136,1467.3697570094016,1493.286865234375,1521252
TECHM.NS,2024-08-12,1493.2868632397574,1510.9284507764075,1476.1409455390508,1499.0352783203125,1809860
TECHM.NS,2024-08-13,1494.8726380467917,1510.0859628198914,1481.8396797163175,1490.0162353515625,580901
TECHM.NS,2024-08-14,1498.5397101270553,1515.834316456971,1491.6020262838745,1510.829345703125,2833790
TECHM.NS,2024-08-16,1544.52670313125,1574.8542690111435,1517.667979253584,1571.187255859375,3224481
TECHM.NS,2024-08-19,1573.7144667046714,1588.4322434273604,1561.8212942445418,1580.4539794921875,1640507
TECHM.NS,2024-08-20,1586.7474123394454,1619.106776331846,1581.0486005836979,1614.1016845703125,2442281
TECHM.NS,2024-08-21,1601.6139252278363,1613.5070979399243,1587.7385570637339,1590.364990234375,1935929
TECHM.NS,2024-08-22,1590.761370741646,1606.2224702660756,1581.7918883945888,1596.9061279296875,1562554
TECHM.NS,2024-08-23,1598.690137218226,1602.5553213255616,1578.8681839145493,1584.1705322265625,1020913
TECHM.NS,2024-08-26,1595.6673297306534,1628.3735545015302,1594.676232010324,1625.5489501953125,1510157
TECHM.NS,2024-08-27,1629.3646490350727,1630.3557467534638,1607.6595848055847,1610.1373291015625,1083351
TECHM.NS,2024-08-28,1605.5782491830662,1650.177644993707,1601.812029587837,1612.86279296875,3033590
TECHM.NS,2024-08-29,1605.6277990807084,1641.5054856799409,1605.6277990807084,1632.6846923828125,2194339
TECHM.NS,2024-08-30,1632.3379224013233,1648.9388089831218,1616.579444673223,1621.931396484375,1926984
TECHM.NS,2024-09-02,1621.9314227876096,1647.2044147100562,1620.9899283447264,1631.9910888671875,1582818
TECHM.NS,2024-09-03,1624.4091709175216,1644.478899844355,1617.5705724198049,1629.4637451171875,1739553
TECHM.NS,2024-09-04,1605.3304818234467,1635.3111869169238,1594.5770960940777,1630.653076171875,1643875
TECHM.NS,2024-09-05,1638.2844819036625,1643.1408847823725,1618.3634425273262,1624.9046630859375,1080904
TECHM.NS,2024-09-06,1624.9046537797917,1636.5004482953,1599.5820595467198,1608.79931640625,1672937
TECHM.NS,2024-09-09,1608.7497794079472,1616.7777677702356,1560.7311430077873,1565.1414794921875,2965098
TECHM.NS,2024-09-10,1577.8275254501104,1599.3342969701532,1564.4477066099244,1593.0904541015625,2541973
TECHM.NS,2024-09-11,1597.6494723425733,1612.5159376559345,1583.8731902888042,1588.3331298828125,1395340
TECHM.NS,2024-09-12,1605.4792301903462,1634.9147842526165,1591.7029476052603,1628.621337890625,2356422
TECHM.NS,2024-09-13,1635.2120980747436,1645.1230749453298,1623.418011402025,1641.307373046875,1373924
TECHM.NS,2024-09-16,1636.4013492830636,1655.1331195634666,1631.8423241684118,1634.320068359375,1060407
TECHM.NS,2024-09-17,1634.3200646468924,1657.1153111519734,1626.4903688245136,1636.847412109375,1499644
TECHM.NS,2024-09-18,1633.4777031644264,1633.4777031644264,1574.8542498435722,1591.1082763671875,2930297
TECHM.NS,2024-09-19,1605.5782877896706,1620.7916134186107,1572.9216666876384,1581.147705078125,3032379
TECHM.NS,2024-09-20,1593.6851360424882,1614.7955659021661,1568.3130585708718,1607.610107421875,3984683
TECHM.NS,2024-09-23,1610.484117378671,1616.4803067013231,1580.3052415912077,1592.8426513671875,1535902
TECHM.NS,2024-09-24,1587.2925507551008,1628.869050377064,1583.8731911410252,1622.5260009765625,1781972
TECHM.NS,2024-09-25,1622.5259927398067,1628.472578838163,1575.8949193420247,1588.4818115234375,2505756
TECHM.NS,2024-09-26,1595.6673055743736,1605.4295937751103,1581.7919376998138,1592.6444091796875,2173853
TECHM.NS,2024-09-27,1610.5337387400234,1649.9794750115284,1590.2658394674752,1594.9239501953125,3539822
TECHM.NS,2024-09-30,1591.7028406657307,1591.7028406657307,1553.8924407707555,1563.1591796875,3460691
TECHM.NS,2024-10-01,1565.9343174009823,1628.2743849929698,1565.9343174009823,1610.93017578125,5176596
TECHM.NS,2024-10-03,1600.6227347493352,1616.6289862935491,1581.9405678934086,1589.770263671875,2332279
TECHM.NS,2024-10-04,1576.8364266070018,1633.7254582752764,1576.8364266070018,1602.059814453125,2927576
TECHM.NS,2024-10-07,1610.484163862958,1617.521054340123,1585.9544957172636,1604.1412353515625,1619326
TECHM.NS,2024-10-08,1610.5336917739176,1620.44466833868,1589.3241777286055,1614.59716796875,1311331
TECHM.NS,2024-10-09,1624.4090549706416,1654.9349111084964,1617.5209746685075,1644.0328369140625,2177241
TECHM.NS,2024-10-10,1658.1064391809164,1661.0301289796942,1597.005242255263,1605.2808837890625,1518162
TECHM.NS,2024-10-11,1588.7295508052764,1635.3111408787936,1588.7295508052764,1632.387451171875,1019027
TECHM.NS,2024-10-14,1633.329013570901,1681.8928009889678,1633.329013570901,1677.432861328125,2070051
TECHM.NS,2024-10-15,1684.866129956085,1688.2853687087288,1648.6910630482043,1660.435546875,2503380
TECHM.NS,2024-10-16,1655.1331303803245,1662.5167597242082,1638.0862986285315,1645.51953125,1070524
TECHM.NS,2024-10-17,1645.9159095229788,1694.677989176121,1641.2577987051206,1683.875,3771316
TECHM.NS,2024-10-18,1679.9105485483512,1687.2446954938962,1630.9502995148823,1672.873779296875,3119646
TECHM.NS,2024-10-21,1729.4654239345934,1746.1653953787315,1675.004655683217,1686.0552978515625,5898020
TECHM.NS,2024-10-22,1688.235772093309,1711.5760493111588,1676.392082509275,1681.44677734375,2484594
TECHM.NS,2024-10-23,1681.4468198183483,1733.4298448157508,1670.5942276165608,1720.4959716796875,4198781
TECHM.NS,2024-10-24,1719.6041315583661,1732.4387985200922,1712.6664475825992,1720.2978515625,1570443
TECHM.NS,2024-10-25,1720.297789182797,1726.8886129175073,1695.1238840439805,1701.1695556640625,1743714
TECHM.NS,2024-10-28,1694.7770620672545,1712.5672173370328,1678.1265723622744,1687.3934326171875,1271473
TECHM.NS,2024-10-29,1693.785920078838,1708.7514707172202,1665.3909476022704,1683.37939453125,1499121
TECHM.NS,2024-10-30,1688.929495527458,1696.9078800712296,1667.2740358875644,1669.949951171875,1305424
TECHM.NS,2024-10-31,1666.5999755859375,1669.800048828125,1595.550048828125,1608.6500244140625,3638913
TECHM.NS,2024-11-01,1619.0,1619.0,1598.800048828125,1603.6500244140625,249236
TECHM.NS,2024-11-04,1614.0,1640.25,1608.050048828125,1638.4000244140625,2746587
TECHM.NS,2024-11-05,1638.300048828125,1654.0,1623.800048828125,1632.6500244140625,1376651
TECHM.NS,2024-11-06,1649.949951171875,1697.75,1635.0,1693.550048828125,3164061
TECHM.NS,2024-11-07,1695.0,1715.5,1644.3499755859375,1651.0,1285140
TECHM.NS,2024-11-08,1660.0,1686.449951171875,1650.050048828125,1681.3499755859375,1883257
TECHM.NS,2024-11-11,1672.800048828125,1715.449951171875,1666.050048828125,1704.1500244140625,1587351
TECHM.NS,2024-11-12,1710.0,1710.5,1684.0,1687.0,1414446
TECHM.NS,2024-11-13,1680.0,1689.0,1663.6500244140625,1675.5999755859375,1063556
TECHM.NS,2024-11-14,1663.0,1692.0,1663.0,1687.5,1919974
TECHM.NS,2024-11-18,1684.75,1688.0,1633.25,1660.800048828125,1617013
TECHM.NS,2024-11-19,1664.9000244140625,1724.4000244140625,1664.0999755859375,1699.6500244140625,1982317
TECHM.NS,2024-11-21,1712.0,1725.0,1684.800048828125,1702.25,2212146
TECHM.NS,2024-11-22,1714.75,1749.8499755859375,1702.25,1747.449951171875,2344087
TECHM.NS,2024-11-25,1760.0,1767.800048828125,1727.8499755859375,1732.5999755859375,3913302
TECHM.NS,2024-11-26,1732.5999755859375,1762.0,1731.050048828125,1745.4000244140625,1291712
TECHM.NS,2024-11-27,1741.0,1767.0,1735.550048828125,1756.800048828125,2088228
TECHM.NS,2024-11-28,1757.0,1760.0,1706.800048828125,1713.3499755859375,1787990
TECHM.NS,2024-11-29,1708.0,1730.0,1700.5,1712.300048828125,1556942
TECHM.NS,2024-12-02,1710.0,1748.0,1705.9000244140625,1745.949951171875,1370756
TECHM.NS,2024-12-03,1760.0,1761.0,1737.5999755859375,1749.5,1824151
TECHM.NS,2024-12-04,1742.0999755859375,1774.5999755859375,1740.5999755859375,1759.5999755859375,1811165
TECHM.NS,2024-12-05,1759.5999755859375,1793.949951171875,1755.0999755859375,1786.949951171875,2762694
TECHM.NS,2024-12-06,1797.0,1797.0,1775.5999755859375,1782.800048828125,1180840
TECHM.NS,2024-12-09,1779.0999755859375,1800.75,1771.199951171875,1777.8499755859375,1069659
TECHM.NS,2024-12-10,1766.199951171875,1777.0,1753.300048828125,1763.550048828125,1625591
TECHM.NS,2024-12-11,1765.0,1769.75,1750.050048828125,1762.800048828125,1285654
TECHM.NS,2024-12-12,1768.050048828125,1807.699951171875,1761.050048828125,1789.5999755859375,3018243
TECHM.NS,2024-12-13,1781.0,1804.5999755859375,1761.0,1796.4000244140625,1503188
TECHM.NS,2024-12-16,1793.5,1793.5,1766.0,1775.550048828125,1075193
TECHM.NS,2024-12-17,1777.449951171875,1789.1500244140625,1761.0,1770.75,1160899
TECHM.NS,2024-12-18,1762.050048828125,1787.949951171875,1760.550048828125,1778.9000244140625,1337600
TECHM.NS,2024-12-19,1739.949951171875,1768.9000244140625,1735.0,1754.3499755859375,2402819
TECHM.NS,2024-12-20,1770.0,1770.8499755859375,1680.0999755859375,1686.050048828125,2921154
TECHM.NS,2024-12-23,1690.9000244140625,1725.0,1685.8499755859375,1712.4000244140625,1301223
TECHM.NS,2024-12-24,1717.5999755859375,1725.3499755859375,1695.699951171875,1704.9000244140625,711026
TECHM.NS,2024-12-26,1707.0999755859375,1714.6500244140625,1690.6500244140625,1698.699951171875,659638
TECHM.NS,2024-12-27,1704.949951171875,1716.5,1698.699951171875,1711.6500244140625,647945
TECHM.NS,2024-12-30,1715.0,1773.5999755859375,1693.800048828125,1740.8499755859375,6781500
TECHM.NS,2024-12-31,1729.0,1729.0,1682.449951171875,1706.199951171875,1459630
TECHM.NS,2025-01-01,1700.5999755859375,1717.5999755859375,1691.25,1703.8499755859375,721479
TECHM.NS,2025-01-02,1709.0,1735.699951171875,1696.0,1726.949951171875,1238954
TECHM.NS,2025-01-03,1712.199951171875,1729.8499755859375,1681.3499755859375,1689.449951171875,2448088
TECHM.NS,2025-01-06,1704.75,1711.300048828125,1675.0,1686.300048828125,945693
TECHM.NS,2025-01-07,1693.0,1705.0,1661.5,1671.1500244140625,1305847
TECHM.NS,2025-01-08,1667.949951171875,1669.949951171875,1634.0,1663.75,673344
TECHM.NS,2025-01-09,1663.699951171875,1669.5,1638.199951171875,1642.800048828125,774065
TECHM.NS,2025-01-10,1653.0999755859375,1714.0,1636.300048828125,1705.5999755859375,2208899
TECHM.NS,2025-01-13,1698.050048828125,1701.0,1649.9000244140625,1659.6500244140625,1401093
TECHM.NS,2025-01-14,1669.9000244140625,1670.449951171875,1621.300048828125,1647.5,2480288
TECHM.NS,2025-01-15,1658.0,1679.0,1650.1500244140625,1675.949951171875,1079742
TECHM.NS,2025-01-16,1695.0,1722.8499755859375,1670.949951171875,1687.6500244140625,2334315
TECHM.NS,2025-01-17,1684.75,1699.9000244140625,1650.4000244140625,1660.300048828125,2502285
TECHM.NS,2025-01-20,1663.0,1687.1500244140625,1625.0,1674.5999755859375,4856268
TECHM.NS,2025-01-21,1674.5999755859375,1703.550048828125,1636.0999755859375,1640.5,2500061
TECHM.NS,2025-01-22,1642.699951171875,1688.75,1635.25,1683.949951171875,2478559
TECHM.NS,2025-01-23,1671.0,1729.5,1671.0,1713.4000244140625,2255334
TECHM.NS,2025-01-24,1719.0,1736.4000244140625,1705.3499755859375,1723.050048828125,1257165
TECHM.NS,2025-01-27,1710.0,1713.9000244140625,1645.0,1653.9000244140625,1174799
TECHM.NS,2025-01-28,1655.949951171875,1664.6500244140625,1638.0,1648.3499755859375,1820874
TECHM.NS,2025-01-29,1663.949951171875,1685.0,1654.050048828125,1681.1500244140625,1146508
TECHM.NS,2025-01-30,1685.0,1704.9000244140625,1657.0,1670.0999755859375,868832
TECHM.NS,2025-01-31,1675.0,1695.0,1665.25,1674.449951171875,1065425
TECHM.NS,2025-02-01,1674.5,1685.9000244140625,1636.699951171875,1646.4000244140625,410470
TECHM.NS,2025-02-03,1630.0,1664.050048828125,1605.1500244140625,1654.699951171875,1415698
TECHM.NS,2025-02-04,1662.75,1676.949951171875,1645.050048828125,1659.050048828125,1467006
TECHM.NS,2025-02-05,1662.8499755859375,1671.0,1644.4000244140625,1661.0,1449280
TECHM.NS,2025-02-06,1670.0,1684.699951171875,1650.0,1669.5999755859375,1288106
TECHM.NS,2025-02-07,1675.0,1695.5999755859375,1657.9000244140625,1692.0999755859375,1582031
TECHM.NS,2025-02-10,1683.0,1703.75,1673.199951171875,1699.050048828125,1235699
TECHM.NS,2025-02-11,1706.0,1709.0,1663.199951171875,1669.0999755859375,1800036
TECHM.NS,2025-02-12,1680.0,1690.0,1668.800048828125,1680.199951171875,1889477
TECHM.NS,2025-02-13,1675.0,1689.449951171875,1640.550048828125,1675.300048828125,1555491
TECHM.NS,2025-02-14,1685.0,1694.0,1652.050048828125,1659.0999755859375,961944
TECHM.NS,2025-02-17,1655.9000244140625,1667.949951171875,1631.0,1664.949951171875,1114005
TECHM.NS,2025-02-18,1668.0,1708.949951171875,1664.050048828125,1705.0,2654136
TECHM.NS,2025-02-19,1694.050048828125,1712.4000244140625,1675.050048828125,1685.800048828125,1113961
TECHM.NS,2025-02-20,1680.0,1693.6500244140625,1655.0,1657.8499755859375,1485087
TECHM.NS,2025-02-21,1657.75,1664.949951171875,1642.199951171875,1649.5,1479239
TECHM.NS,2025-02-24,1630.0,1643.949951171875,1604.25,1613.699951171875,1672609
TECHM.NS,2025-02-25,1608.050048828125,1614.0,1589.0,1593.949951171875,1425126
TECHM.NS,2025-02-27,1575.0,1595.699951171875,1569.9000244140625,1588.25,2208643
TECHM.NS,2025-02-28,1570.0,1572.9000244140625,1478.4000244140625,1487.8499755859375,4155992
TECHM.NS,2025-03-03,1500.0,1531.5,1476.199951171875,1493.050048828125,2851006
TECHM.NS,2025-03-04,1475.0,1499.449951171875,1433.050048828125,1488.25,2386196
TECHM.NS,2025-03-05,1488.25,1549.0,1487.5,1538.0999755859375,1967418
TECHM.NS,2025-03-06,1541.0,1550.800048828125,1500.949951171875,1503.449951171875,2246380
TECHM.NS,2025-03-07,1501.949951171875,1507.199951171875,1482.0,1492.3499755859375,893696
TECHM.NS,2025-03-10,1492.3499755859375,1500.0,1482.5,1486.8499755859375,798491
TECHM.NS,2025-03-11,1464.5,1487.4000244140625,1453.5999755859375,1479.199951171875,1769157
TECHM.NS,2025-03-12,1481.0,1489.0,1408.800048828125,1438.300048828125,2665932
TECHM.NS,2025-03-13,1442.0,1456.25,1422.0,1440.6500244140625,995812
TECHM.NS,2025-03-17,1442.949951171875,1448.0,1425.199951171875,1440.0999755859375,1747569
TECHM.NS,2025-03-18,1440.0999755859375,1440.0999755859375,1440.0999755859375,1440.0999755859375,0
TECHM.NS,2025-03-19,1430.6500244140625,1431.800048828125,1394.4000244140625,1396.1500244140625,5557840
TECHM.NS,2025-03-20,1403.1500244140625,1421.0,1400.050048828125,1410.550048828125,2863413
TECHM.NS,2025-03-21,1390.050048828125,1431.0999755859375,1382.050048828125,1409.25,4056023
TECHM.NS,2025-03-24,1415.8499755859375,1467.6500244140625,1413.5999755859375,1458.6500244140625,3072831
TECHM.NS,2025-03-25,1474.0,1483.9000244140625,1449.449951171875,1455.5,2056315
TECHM.NS,2025-03-26,1464.0,1464.0,1409.5,1416.300048828125,2231144
TECHM.NS,2025-03-27,1407.1500244140625,1430.0,1406.0,1423.9000244140625,2541022
TECHM.NS,2025-03-28,1415.0999755859375,1430.0,1408.550048828125,1418.25,1642693
TECHM.NS,2025-04-01,1402.0,1416.949951171875,1385.4000244140625,1395.1500244140625,1578367
TECHM.NS,2025-04-02,1397.1500244140625,1426.050048828125,1397.1500244140625,1423.050048828125,1617949
TECHM.NS,2025-04-03,1397.0,1400.0,1360.25,1369.3499755859375,1943422
TECHM.NS,2025-04-04,1350.0,1359.199951171875,1318.8499755859375,1320.949951171875,1757493
TECHM.NS,2025-04-07,1245.0,1293.800048828125,1209.4000244140625,1288.0,3044730
TECHM.NS,2025-04-08,1314.0,1342.050048828125,1291.1500244140625,1314.4000244140625,2868814
TECHM.NS,2025-04-09,1290.0,1299.949951171875,1264.3499755859375,1272.75,3724878
